10 100
0010000000010010011010000000001100110110101001000001001010010101100111111111011011110111110101011000
0011101100110010101001000001100101010100011000011101001101010000010000000100001111001110111100101101
0000100111001000010110010111110110101100000111010001000011100011000110100011110100100110100100110100
1001011111010110100011111001111011011100001000111110001110101010011101101011000111100111101010011101
0101111111101001100001010001101111100001111010110110100100001110001001100101100110100110000110100001
1011111011111011010010100001110011000100011010111110001011100101001111100000011011011110110101111001
0110110100111000101011010100101110001001011111011110010100101010011101000100101010110100110010111001
1101001100011101011100000111101011111111110000101110110101011110010101010000110001011001011100011001
1111111001110101011000100110101010101010101011110010011100100001100001001100110101000111101011101100
0101000110111100011100111111011101011000010000001101110001111001100011110111111001011001010100011100
