10
950 462 165 352 873 328 934 7 217 448 138 804 675 56 654 130 276 936 662 237
775 625 441 481 540 1 24 894 750 959 755 700 773 920 404 647 248 339 6 817
787 497 622 463 553 628 945 182 564 959 419 692 584 212 173 125 565 197 19 316
508 774 16 282 47 773 281 295 112 287 113 251 784 87 714 690 67 11 872 632
970 643 676 907 855 849 32 773 398 403 89 907 529 457 541 576 230 822 224 342
109 689 594 894 128 660 936 195 24 160 179 994 803 855 253 10 704 285 783 455
40 224 714 922 682 255 850 912 77 74 607 538 115 553 784 243 565 720 791 589
880 970 936 35 826 189 398 882 827 533 689 867 758 403 141 792 10 992 56 87
418 663 978 534 568 762 129 134 835 272 723 67 243 659 103 421 849 501 303 676
34 345 895 144 748 37 936 759 381 993 198 799 656 176 685 577 291 167 711 126