1,20,0.000066312351325,0.000086069107056,0.000000001000000
2,20,0.000066312351325,0.000105381011963,0.000000001000000
4,20,0.000066312351325,0.000051975250244,0.000000001000000
6,20,0.000066312351325,0.016957759857178,0.000000001000000
8,20,0.000066312351325,0.040698528289795,0.000000001000000
10,20,0.000066312351325,0.075148344039917,0.000000001000000
12,20,0.000066312351325,0.065383911132812,0.000000001000000
1,40,0.000016578502332,0.000016212463379,0.000000001000000
2,40,0.000016578502332,0.000035047531128,0.000000001000000
4,40,0.000016578502332,0.019920349121094,0.000000001000000
6,40,0.000016578502331,0.020634889602661,0.000000001000000
8,40,0.000016578502332,0.033674001693726,0.000000001000000
10,40,0.000016578502331,0.047916412353516,0.000000001000000
12,40,0.000016578502331,0.077816247940063,0.000000001000000
1,60,0.000007368257244,0.000019311904907,0.000000001000000
2,60,0.000007368257244,0.000039339065552,0.000000001000000
4,60,0.000007368257244,0.000066280364990,0.000000001000000
6,60,0.000007368257244,0.009228944778442,0.000000001000000
8,60,0.000007368257244,0.050135135650635,0.000000001000000
10,60,0.000007368257244,0.042474031448364,0.000000001000000
12,60,0.000007368257244,0.074990987777710,0.000000001000000
1,80,0.000004144651385,0.000011205673218,0.000000001000000
2,80,0.000004144651385,0.000021219253540,0.000000001000000
4,80,0.000004144651385,0.000018358230591,0.000000001000000
6,80,0.000004144651385,0.015753030776978,0.000000001000000
8,80,0.000004144651385,0.070149183273315,0.000000001000000
