1,20,0.000066312351325,0.000016212463379,0.000000001000000
2,20,0.000066312351325,0.000036239624023,0.000000001000000
4,20,0.000066312351325,0.000038146972656,0.000000001000000
6,20,0.000066312351325,0.015475749969482,0.000000001000000
8,20,0.000066312351325,0.042157173156738,0.000000001000000
10,20,0.000066312351325,0.058998584747314,0.000000001000000
12,20,0.000066312351325,0.049773693084717,0.000000001000000
1,40,0.000016578502332,0.000017881393433,0.000000001000000
2,40,0.000016578502332,0.000034809112549,0.000000001000000
4,40,0.000016578502332,0.023589372634888,0.000000001000000
6,40,0.000016578502331,0.010107755661011,0.000000001000000
8,40,0.000016578502332,0.053152799606323,0.000000001000000
10,40,0.000016578502331,0.052048921585083,0.000000001000000
12,40,0.000016578502331,0.044636249542236,0.000000001000000
1,60,0.000007368257244,0.000017642974854,0.000000001000000
2,60,0.000007368257244,0.000036716461182,0.000000001000000
4,60,0.000007368257244,0.000041484832764,0.000000001000000
6,60,0.000007368257244,0.011333465576172,0.000000001000000
8,60,0.000007368257244,0.061897039413452,0.000000001000000
10,60,0.000007368257244,0.063445329666138,0.000000001000000
12,60,0.000007368257244,0.058109521865845,0.000000001000000
1,80,0.000004144651385,0.000024318695068,0.000000001000000
2,80,0.000004144651385,0.000057935714722,0.000000001000000
4,80,0.000004144651385,0.022421121597290,0.000000001000000
6,80,0.000004144651385,0.000388145446777,0.000000001000000
8,80,0.000004144651385,0.071699857711792,0.000000001000000
10,80,0.000004144651385,0.058465480804443,0.000000001000000
12,80,0.000004144651385,0.055973291397095,0.000000001000000
1,100,0.000002652578866,0.000015974044800,0.000000001000000
2,100,0.000002652578866,0.000054836273193,0.000000001000000
4,100,0.000002652578866,0.000039577484131,0.000000001000000
6,100,0.000002652578866,0.010652303695679,0.000000001000000
8,100,0.000002652578866,0.055341005325317,0.000000001000000
10,100,0.000002652578866,0.059316158294678,0.000000001000000
12,100,0.000002652578866,0.040433883666992,0.000000001000000
1,200,0.000000663145376,0.000022411346436,0.000000001000000
2,200,0.000000663145376,0.000036239624023,0.000000001000000
4,200,0.000000663145376,0.001129150390625,0.000000001000000
6,200,0.000000663145376,0.014118671417236,0.000000001000000
8,200,0.000000663145376,0.035584926605225,0.000000001000000
10,200,0.000000663145376,0.044672966003418,0.000000001000000
12,200,0.000000663145376,0.059287309646606,0.000000001000000
1,400,0.000000165786386,0.000026941299438,0.000000001000000
2,400,0.000000165786385,0.000041723251343,0.000000001000000
4,400,0.000000165786386,0.014812707901001,0.000000001000000
6,400,0.000000165786385,0.009700298309326,0.000000001000000
8,400,0.000000165786385,0.048244714736938,0.000000001000000
10,400,0.000000165786385,0.055341482162476,0.000000001000000
12,400,0.000000165786386,0.056199073791504,0.000000001000000
1,600,0.000000073682842,0.000034332275391,0.000000001000000
2,600,0.000000073682841,0.000052213668823,0.000000001000000
4,600,0.000000073682841,0.000182151794434,0.000000001000000
6,600,0.000000073682841,0.011311769485474,0.000000001000000
8,600,0.000000073682841,0.029132127761841,0.000000001000000
10,600,0.000000073682842,0.053334712982178,0.000000001000000
12,600,0.000000073682842,0.054248571395874,0.000000001000000
1,800,0.000000041446597,0.000037908554077,0.000000001000000
2,800,0.000000041446599,0.000062465667725,0.000000001000000
4,800,0.000000041446599,0.000150918960571,0.000000001000000
6,800,0.000000041446599,0.021467685699463,0.000000001000000
8,800,0.000000041446599,0.037155151367188,0.000000001000000
10,800,0.000000041446599,0.041362285614014,0.000000001000000
12,800,0.000000041446599,0.056733131408691,0.000000001000000
1,1000,0.000000026525822,0.000044584274292,0.000000001000000
2,1000,0.000000026525823,0.000067472457886,0.000000001000000
4,1000,0.000000026525824,0.008564710617065,0.000000001000000
6,1000,0.000000026525824,0.011312961578369,0.000000001000000
8,1000,0.000000026525823,0.062283515930176,0.000000001000000
10,1000,0.000000026525823,0.004040718078613,0.000000001000000
12,1000,0.000000026525823,0.045946359634399,0.000000001000000
1,2000,0.000000006631454,0.000072240829468,0.000000001000000
2,2000,0.000000006631456,0.000064373016357,0.000000001000000
4,2000,0.000000006631456,0.000213384628296,0.000000001000000
6,2000,0.000000006631456,0.009286403656006,0.000000001000000
8,2000,0.000000006631456,0.058317184448242,0.000000001000000
10,2000,0.000000006631456,0.113581895828247,0.000000001000000
12,2000,0.000000006631456,0.063304424285889,0.000000001000000
1,4000,0.000000001657870,0.000128269195557,0.000000001000000
2,4000,0.000000001657865,0.000086784362793,0.000000001000000
4,4000,0.000000001657863,0.000064373016357,0.000000001000000
6,4000,0.000000001657864,0.007361888885498,0.000000001000000
8,4000,0.000000001657864,0.020039796829224,0.000000001000000
10,4000,0.000000001657864,0.032171249389648,0.000000001000000
12,4000,0.000000001657864,0.044934511184692,0.000000001000000
1,6000,0.000000000736828,0.000185012817383,0.000000001000000
2,6000,0.000000000736828,0.000146389007568,0.000000001000000
4,6000,0.000000000736828,0.007817745208740,0.000000001000000
6,6000,0.000000000736829,0.005101442337036,0.000000001000000
8,6000,0.000000000736829,0.019814491271973,0.000000001000000
10,6000,0.000000000736829,0.067151069641113,0.000000001000000
12,6000,0.000000000736829,0.040478706359863,0.000000001000000
1,8000,0.000000000414466,0.000260114669800,0.000000001000000
2,8000,0.000000000414466,0.000143766403198,0.000000001000000
4,8000,0.000000000414465,0.000053644180298,0.000000001000000
6,8000,0.000000000414466,0.048028469085693,0.000000001000000
8,8000,0.000000000414466,0.039885282516479,0.000000001000000
10,8000,0.000000000414466,0.019909381866455,0.000000001000000
12,8000,0.000000000414466,0.020387172698975,0.000000001000000
1,10000,0.000000000265261,0.000296831130981,0.000000001000000
2,10000,0.000000000265260,0.000188112258911,0.000000001000000
4,10000,0.000000000265257,0.011881113052368,0.000000001000000
6,10000,0.000000000265257,0.055421829223633,0.000000001000000
8,10000,0.000000000265258,0.038252115249634,0.000000001000000
10,10000,0.000000000265258,0.025164604187012,0.000000001000000
12,10000,0.000000000265258,0.027910947799683,0.000000001000000
1,20000,0.000000000066314,0.000653028488159,0.000000001000000
2,20000,0.000000000066316,0.000320911407471,0.000000001000000
4,20000,0.000000000066316,0.000090122222900,0.000000001000000
6,20000,0.000000000066314,0.015267372131348,0.000000001000000
8,20000,0.000000000066315,0.029072046279907,0.000000001000000
10,20000,0.000000000066315,0.049150943756104,0.000000001000000
12,20000,0.000000000066315,0.030493259429932,0.000000001000000
1,40000,0.000000000016589,0.000928401947021,0.000000001000000
2,40000,0.000000000016573,0.000648498535156,0.000000001000000
4,40000,0.000000000016579,0.009952783584595,0.000000001000000
6,40000,0.000000000016578,0.008205413818359,0.000000001000000
8,40000,0.000000000016578,0.052443027496338,0.000000001000000
10,40000,0.000000000016578,0.018704652786255,0.000000001000000
12,40000,0.000000000016578,0.055850267410278,0.000000001000000
1,60000,0.000000000007373,0.001767396926880,0.000000001000000
2,60000,0.000000000007366,0.000894784927368,0.000000001000000
4,60000,0.000000000007370,0.025957107543945,0.000000001000000
6,60000,0.000000000007369,0.043211936950684,0.000000001000000
8,60000,0.000000000007369,0.055314064025879,0.000000001000000
10,60000,0.000000000007369,0.014267206192017,0.000000001000000
12,60000,0.000000000007369,0.028777837753296,0.000000001000000
1,80000,0.000000000004148,0.001252651214600,0.000000001000000
2,80000,0.000000000004150,0.000592470169067,0.000000001000000
4,80000,0.000000000004145,0.019104242324829,0.000000001000000
6,80000,0.000000000004144,0.015038728713989,0.000000001000000
8,80000,0.000000000004145,0.028118610382080,0.000000001000000
10,80000,0.000000000004144,0.054053544998169,0.000000001000000
12,80000,0.000000000004144,0.061104059219360,0.000000001000000
1,100000,0.000000000002664,0.001457452774048,0.000000001000000
2,100000,0.000000000002645,0.000729799270630,0.000000001000000
4,100000,0.000000000002649,0.017513990402222,0.000000001000000
6,100000,0.000000000002655,0.007400035858154,0.000000001000000
8,100000,0.000000000002655,0.021420240402222,0.000000001000000
10,100000,0.000000000002653,0.052576780319214,0.000000001000000
12,100000,0.000000000002652,0.038610935211182,0.000000001000000
1,200000,0.000000000000667,0.005964994430542,0.000000001000000
2,200000,0.000000000000665,0.003055810928345,0.000000001000000
4,200000,0.000000000000666,0.001482248306274,0.000000001000000
6,200000,0.000000000000666,0.019370079040527,0.000000001000000
8,200000,0.000000000000666,0.033743143081665,0.000000001000000
10,200000,0.000000000000663,0.052176952362061,0.000000001000000
12,200000,0.000000000000663,0.043214082717896,0.000000001000000
1,400000,0.000000000000187,0.006358861923218,0.000000001000000
2,400000,0.000000000000151,0.003120660781860,0.000000001000000
4,400000,0.000000000000167,0.027916431427002,0.000000001000000
6,400000,0.000000000000169,0.020943403244019,0.000000001000000
8,400000,0.000000000000168,0.007994651794434,0.000000001000000
10,400000,0.000000000000164,0.040161132812500,0.000000001000000
12,400000,0.000000000000163,0.052318811416626,0.000000001000000
1,600000,0.000000000000068,0.017894506454468,0.000000001000000
2,600000,0.000000000000084,0.008791685104370,0.000000001000000
4,600000,0.000000000000080,0.008126258850098,0.000000001000000
6,600000,0.000000000000076,0.013459920883179,0.000000001000000
8,600000,0.000000000000073,0.050040483474731,0.000000001000000
10,600000,0.000000000000074,0.084210395812988,0.000000001000000
12,600000,0.000000000000072,0.057254314422607,0.000000001000000
1,800000,0.000000000000034,0.024014949798584,0.000000001000000
2,800000,0.000000000000050,0.012487649917603,0.000000001000000
4,800000,0.000000000000034,0.011260986328125,0.000000001000000
6,800000,0.000000000000040,0.023365974426270,0.000000001000000
8,800000,0.000000000000042,0.040257453918457,0.000000001000000
10,800000,0.000000000000042,0.004218101501465,0.000000001000000
12,800000,0.000000000000042,0.064355134963989,0.000000001000000
1,1000000,0.000000000000009,0.029932022094727,0.000000001000000
2,1000000,0.000000000000046,0.014999151229858,0.000000001000000
4,1000000,0.000000000000035,0.015760898590088,0.000000001000000
6,1000000,0.000000000000033,0.012945652008057,0.000000001000000
8,1000000,0.000000000000031,0.053960323333740,0.000000001000000
10,1000000,0.000000000000025,0.024304389953613,0.000000001000000
12,1000000,0.000000000000026,0.054494857788086,0.000000001000000
1,20,0.000066312351325,0.000016689300537,0.000000001000000
2,20,0.000066312351325,0.000052690505981,0.000000001000000
4,20,0.000066312351325,0.000626325607300,0.000000001000000
6,20,0.000066312351325,0.004005432128906,0.000000001000000
8,20,0.000066312351325,0.027431726455688,0.000000001000000
10,20,0.000066312351325,0.034261465072632,0.000000001000000
12,20,0.000066312351325,0.029332399368286,0.000000001000000
1,40,0.000016578502332,0.000016927719116,0.000000001000000
2,40,0.000016578502332,0.000046491622925,0.000000001000000
4,40,0.000016578502332,0.002519369125366,0.000000001000000
6,40,0.000016578502331,0.001574039459229,0.000000001000000
8,40,0.000016578502332,0.038670539855957,0.000000001000000
10,40,0.000016578502331,0.057601690292358,0.000000001000000
12,40,0.000016578502331,0.042530298233032,0.000000001000000
1,60,0.000007368257244,0.000020742416382,0.000000001000000
2,60,0.000007368257244,0.000057220458984,0.000000001000000
4,60,0.000007368257244,0.000263929367065,0.000000001000000
6,60,0.000007368257244,0.013535022735596,0.000000001000000
8,60,0.000007368257244,0.068438291549683,0.000000001000000
10,60,0.000007368257244,0.032379865646362,0.000000001000000
12,60,0.000007368257244,0.040529012680054,0.000000001000000
1,80,0.000004144651385,0.000020503997803,0.000000001000000
2,80,0.000004144651385,0.000035762786865,0.000000001000000
4,80,0.000004144651385,0.014514446258545,0.000000001000000
6,80,0.000004144651385,0.020668506622314,0.000000001000000
8,80,0.000004144651385,0.023890018463135,0.000000001000000
10,80,0.000004144651385,0.061663150787354,0.000000001000000
12,80,0.000004144651385,0.031100988388062,0.000000001000000
1,100,0.000002652578866,0.000018835067749,0.000000001000000
2,100,0.000002652578866,0.000051498413086,0.000000001000000
4,100,0.000002652578866,0.010437965393066,0.000000001000000
6,100,0.000002652578866,0.015925168991089,0.000000001000000
8,100,0.000002652578866,0.024554491043091,0.000000001000000
10,100,0.000002652578866,0.089102029800415,0.000000001000000
12,100,0.000002652578866,0.037057876586914,0.000000001000000
1,200,0.000000663145376,0.000013589859009,0.000000001000000
2,200,0.000000663145376,0.007946729660034,0.000000001000000
4,200,0.000000663145376,0.002859354019165,0.000000001000000
6,200,0.000000663145376,0.023530244827271,0.000000001000000
8,200,0.000000663145376,0.035230875015259,0.000000001000000
10,200,0.000000663145376,0.036571741104126,0.000000001000000
12,200,0.000000663145376,0.055951118469238,0.000000001000000
1,400,0.000000165786386,0.000016689300537,0.000000001000000
2,400,0.000000165786385,0.000038146972656,0.000000001000000
4,400,0.000000165786386,0.023178577423096,0.000000001000000
6,400,0.000000165786385,0.012260198593140,0.000000001000000
8,400,0.000000165786385,0.021678447723389,0.000000001000000
10,400,0.000000165786385,0.038595914840698,0.000000001000000
12,400,0.000000165786386,0.037498235702515,0.000000001000000
1,600,0.000000073682842,0.000019073486328,0.000000001000000
2,600,0.000000073682841,0.000024795532227,0.000000001000000
4,600,0.000000073682841,0.011965036392212,0.000000001000000
6,600,0.000000073682841,0.019935846328735,0.000000001000000
8,600,0.000000073682841,0.037972450256348,0.000000001000000
10,600,0.000000073682842,0.038959026336670,0.000000001000000
12,600,0.000000073682842,0.022134065628052,0.000000001000000
1,800,0.000000041446597,0.000021696090698,0.000000001000000
2,800,0.000000041446599,0.000031471252441,0.000000001000000
4,800,0.000000041446599,0.014095306396484,0.000000001000000
6,800,0.000000041446599,0.021512269973755,0.000000001000000
8,800,0.000000041446599,0.060175418853760,0.000000001000000
10,800,0.000000041446599,0.045840501785278,0.000000001000000
12,800,0.000000041446599,0.028813600540161,0.000000001000000
1,1000,0.000000026525822,0.000027179718018,0.000000001000000
2,1000,0.000000026525823,0.000039339065552,0.000000001000000
4,1000,0.000000026525824,0.011838674545288,0.000000001000000
6,1000,0.000000026525824,0.026964902877808,0.000000001000000
8,1000,0.000000026525823,0.054880619049072,0.000000001000000
10,1000,0.000000026525823,0.048675060272217,0.000000001000000
12,1000,0.000000026525823,0.036197900772095,0.000000001000000
1,2000,0.000000006631454,0.000039339065552,0.000000001000000
2,2000,0.000000006631456,0.000034570693970,0.000000001000000
4,2000,0.000000006631456,0.007279396057129,0.000000001000000
6,2000,0.000000006631456,0.007951736450195,0.000000001000000
8,2000,0.000000006631456,0.052434444427490,0.000000001000000
10,2000,0.000000006631456,0.028278112411499,0.000000001000000
12,2000,0.000000006631456,0.030792951583862,0.000000001000000
1,4000,0.000000001657870,0.000076293945312,0.000000001000000
2,4000,0.000000001657865,0.000058412551880,0.000000001000000
4,4000,0.000000001657863,0.004168748855591,0.000000001000000
6,4000,0.000000001657864,0.023931980133057,0.000000001000000
8,4000,0.000000001657864,0.048707008361816,0.000000001000000
10,4000,0.000000001657864,0.058948516845703,0.000000001000000
12,4000,0.000000001657864,0.021230459213257,0.000000001000000
1,6000,0.000000000736828,0.000093936920166,0.000000001000000
2,6000,0.000000000736828,0.000071048736572,0.000000001000000
4,6000,0.000000000736828,0.003159284591675,0.000000001000000
6,6000,0.000000000736829,0.000246763229370,0.000000001000000
8,6000,0.000000000736829,0.020304679870605,0.000000001000000
10,6000,0.000000000736829,0.033896446228027,0.000000001000000
12,6000,0.000000000736829,0.026465415954590,0.000000001000000
1,8000,0.000000000414466,0.000126123428345,0.000000001000000
2,8000,0.000000000414466,0.000079631805420,0.000000001000000
4,8000,0.000000000414465,0.014252424240112,0.000000001000000
6,8000,0.000000000414466,0.011995553970337,0.000000001000000
8,8000,0.000000000414466,0.044886112213135,0.000000001000000
10,8000,0.000000000414466,0.028841972351074,0.000000001000000
12,8000,0.000000000414466,0.068438529968262,0.000000001000000
1,10000,0.000000000265261,0.000154495239258,0.000000001000000
2,10000,0.000000000265260,0.000100612640381,0.000000001000000
4,10000,0.000000000265257,0.003968954086304,0.000000001000000
6,10000,0.000000000265257,0.004419088363647,0.000000001000000
8,10000,0.000000000265258,0.016946554183960,0.000000001000000
10,10000,0.000000000265258,0.042884826660156,0.000000001000000
12,10000,0.000000000265258,0.032891035079956,0.000000001000000
1,20000,0.000000000066314,0.000331878662109,0.000000001000000
2,20000,0.000000000066316,0.000171422958374,0.000000001000000
4,20000,0.000000000066316,0.012082338333130,0.000000001000000
6,20000,0.000000000066314,0.002254724502563,0.000000001000000
8,20000,0.000000000066315,0.053764343261719,0.000000001000000
10,20000,0.000000000066315,0.044455051422119,0.000000001000000
12,20000,0.000000000066315,0.048805475234985,0.000000001000000
1,40000,0.000000000016589,0.000576257705688,0.000000001000000
2,40000,0.000000000016573,0.000306367874146,0.000000001000000
4,40000,0.000000000016579,0.003436803817749,0.000000001000000
6,40000,0.000000000016578,0.001080751419067,0.000000001000000
8,40000,0.000000000016578,0.037019252777100,0.000000001000000
10,40000,0.000000000016578,0.031147480010986,0.000000001000000
12,40000,0.000000000016578,0.048700571060181,0.000000001000000
1,60000,0.000000000007373,0.000882148742676,0.000000001000000
2,60000,0.000000000007366,0.000450849533081,0.000000001000000
4,60000,0.000000000007370,0.010177612304688,0.000000001000000
6,60000,0.000000000007369,0.000359296798706,0.000000001000000
8,60000,0.000000000007369,0.032932519912720,0.000000001000000
10,60000,0.000000000007369,0.043184041976929,0.000000001000000
12,60000,0.000000000007369,0.036933898925781,0.000000001000000
1,80000,0.000000000004148,0.001176357269287,0.000000001000000
2,80000,0.000000000004150,0.000585794448853,0.000000001000000
4,80000,0.000000000004145,0.003300428390503,0.000000001000000
6,80000,0.000000000004144,0.012173891067505,0.000000001000000
8,80000,0.000000000004145,0.021036863327026,0.000000001000000
10,80000,0.000000000004144,0.033933401107788,0.000000001000000
12,80000,0.000000000004144,0.029525756835938,0.000000001000000
1,100000,0.000000000002664,0.001559019088745,0.000000001000000
2,100000,0.000000000002645,0.000722885131836,0.000000001000000
4,100000,0.000000000002649,0.025109291076660,0.000000001000000
6,100000,0.000000000002655,0.001631498336792,0.000000001000000
8,100000,0.000000000002655,0.021342754364014,0.000000001000000
10,100000,0.000000000002653,0.012427806854248,0.000000001000000
12,100000,0.000000000002652,0.039730787277222,0.000000001000000
1,200000,0.000000000000667,0.003048181533813,0.000000001000000
2,200000,0.000000000000665,0.002000570297241,0.000000001000000
4,200000,0.000000000000666,0.005102872848511,0.000000001000000
6,200000,0.000000000000666,0.024532556533813,0.000000001000000
8,200000,0.000000000000666,0.020141601562500,0.000000001000000
10,200000,0.000000000000663,0.016389608383179,0.000000001000000
12,200000,0.000000000000663,0.048930883407593,0.000000001000000
1,400000,0.000000000000187,0.005659818649292,0.000000001000000
2,400000,0.000000000000151,0.003005504608154,0.000000001000000
4,400000,0.000000000000167,0.002640962600708,0.000000001000000
6,400000,0.000000000000169,0.005702972412109,0.000000001000000
8,400000,0.000000000000168,0.028733491897583,0.000000001000000
10,400000,0.000000000000164,0.047935724258423,0.000000001000000
12,400000,0.000000000000163,0.027065753936768,0.000000001000000
1,600000,0.000000000000068,0.008910894393921,0.000000001000000
2,600000,0.000000000000084,0.004404067993164,0.000000001000000
4,600000,0.000000000000080,0.002206563949585,0.000000001000000
6,600000,0.000000000000076,0.005379199981689,0.000000001000000
8,600000,0.000000000000073,0.035190582275391,0.000000001000000
10,600000,0.000000000000074,0.039399862289429,0.000000001000000
12,600000,0.000000000000072,0.030669450759888,0.000000001000000
1,800000,0.000000000000034,0.011929273605347,0.000000001000000
2,800000,0.000000000000050,0.015794277191162,0.000000001000000
4,800000,0.000000000000034,0.010825634002686,0.000000001000000
6,800000,0.000000000000040,0.007088184356689,0.000000001000000
8,800000,0.000000000000042,0.023504495620728,0.000000001000000
10,800000,0.000000000000042,0.040846586227417,0.000000001000000
12,800000,0.000000000000042,0.033363103866577,0.000000001000000
1,1000000,0.000000000000009,0.018073081970215,0.000000001000000
2,1000000,0.000000000000046,0.010056734085083,0.000000001000000
4,1000000,0.000000000000035,0.003689527511597,0.000000001000000
6,1000000,0.000000000000033,0.025147438049316,0.000000001000000
8,1000000,0.000000000000031,0.009675979614258,0.000000001000000
10,1000000,0.000000000000025,0.047681808471680,0.000000001000000
12,1000000,0.000000000000026,0.037283182144165,0.000000001000000
1,20,0.000066312351325,0.000009775161743,0.000000001000000
2,20,0.000066312351325,0.000027418136597,0.000000001000000
4,20,0.000066312351325,0.007256507873535,0.000000001000000
6,20,0.000066312351325,0.008847475051880,0.000000001000000
8,20,0.000066312351325,0.046993255615234,0.000000001000000
10,20,0.000066312351325,0.049216508865356,0.000000001000000
12,20,0.000066312351325,0.029962062835693,0.000000001000000
1,40,0.000016578502332,0.000011920928955,0.000000001000000
2,40,0.000016578502332,0.000055074691772,0.000000001000000
4,40,0.000016578502332,0.000740051269531,0.000000001000000
6,40,0.000016578502331,0.023916959762573,0.000000001000000
8,40,0.000016578502332,0.048707008361816,0.000000001000000
10,40,0.000016578502331,0.062146425247192,0.000000001000000
12,40,0.000016578502331,0.037416219711304,0.000000001000000
1,60,0.000007368257244,0.000012397766113,0.000000001000000
2,60,0.000007368257244,0.007943868637085,0.000000001000000
4,60,0.000007368257244,0.012009859085083,0.000000001000000
6,60,0.000007368257244,0.004401206970215,0.000000001000000
8,60,0.000007368257244,0.025275230407715,0.000000001000000
10,60,0.000007368257244,0.025457382202148,0.000000001000000
12,60,0.000007368257244,0.034927368164062,0.000000001000000
1,80,0.000004144651385,0.000011444091797,0.000000001000000
2,80,0.000004144651385,0.000048398971558,0.000000001000000
4,80,0.000004144651385,0.000021457672119,0.000000001000000
6,80,0.000004144651385,0.002297878265381,0.000000001000000
8,80,0.000004144651385,0.008780479431152,0.000000001000000
10,80,0.000004144651385,0.037000179290771,0.000000001000000
12,80,0.000004144651385,0.034173488616943,0.000000001000000
1,100,0.000002652578866,0.000012874603271,0.000000001000000
2,100,0.000002652578866,0.000024318695068,0.000000001000000
4,100,0.000002652578866,0.013234138488770,0.000000001000000
6,100,0.000002652578866,0.004005670547485,0.000000001000000
8,100,0.000002652578866,0.023536682128906,0.000000001000000
10,100,0.000002652578866,0.042252779006958,0.000000001000000
12,100,0.000002652578866,0.029575347900391,0.000000001000000
1,200,0.000000663145376,0.000012636184692,0.000000001000000
2,200,0.000000663145376,0.000062942504883,0.000000001000000
4,200,0.000000663145376,0.010155439376831,0.000000001000000
6,200,0.000000663145376,0.000375747680664,0.000000001000000
8,200,0.000000663145376,0.037734746932983,0.000000001000000
10,200,0.000000663145376,0.049651145935059,0.000000001000000
12,200,0.000000663145376,0.048015594482422,0.000000001000000
1,400,0.000000165786386,0.000018596649170,0.000000001000000
2,400,0.000000165786385,0.000025749206543,0.000000001000000
4,400,0.000000165786386,0.000026464462280,0.000000001000000
6,400,0.000000165786385,0.011979818344116,0.000000001000000
8,400,0.000000165786385,0.057547807693481,0.000000001000000
10,400,0.000000165786385,0.031097888946533,0.000000001000000
12,400,0.000000165786386,0.030680418014526,0.000000001000000
1,600,0.000000073682842,0.000019788742065,0.000000001000000
2,600,0.000000073682841,0.000041961669922,0.000000001000000
4,600,0.000000073682841,0.008003473281860,0.000000001000000
6,600,0.000000073682841,0.009112119674683,0.000000001000000
8,600,0.000000073682841,0.045670509338379,0.000000001000000
10,600,0.000000073682842,0.055569410324097,0.000000001000000
12,600,0.000000073682842,0.036760807037354,0.000000001000000
1,800,0.000000041446597,0.000022172927856,0.000000001000000
2,800,0.000000041446599,0.000082015991211,0.000000001000000
4,800,0.000000041446599,0.010424137115479,0.000000001000000
6,800,0.000000041446599,0.013788223266602,0.000000001000000
8,800,0.000000041446599,0.047606945037842,0.000000001000000
10,800,0.000000041446599,0.032683610916138,0.000000001000000
12,800,0.000000041446599,0.033375501632690,0.000000001000000
1,1000,0.000000026525822,0.000024318695068,0.000000001000000
2,1000,0.000000026525823,0.000036239624023,0.000000001000000
4,1000,0.000000026525824,0.000026702880859,0.000000001000000
6,1000,0.000000026525824,0.001273393630981,0.000000001000000
8,1000,0.000000026525823,0.041839361190796,0.000000001000000
10,1000,0.000000026525823,0.031516551971436,0.000000001000000
12,1000,0.000000026525823,0.031469345092773,0.000000001000000
1,2000,0.000000006631454,0.000038146972656,0.000000001000000
2,2000,0.000000006631456,0.000039815902710,0.000000001000000
4,2000,0.000000006631456,0.000023841857910,0.000000001000000
6,2000,0.000000006631456,0.000237226486206,0.000000001000000
8,2000,0.000000006631456,0.045901536941528,0.000000001000000
10,2000,0.000000006631456,0.046569108963013,0.000000001000000
12,2000,0.000000006631456,0.006650209426880,0.000000001000000
1,4000,0.000000001657870,0.000068187713623,0.000000001000000
2,4000,0.000000001657865,0.000061511993408,0.000000001000000
4,4000,0.000000001657863,0.033466577529907,0.000000001000000
6,4000,0.000000001657864,0.011853694915771,0.000000001000000
8,4000,0.000000001657864,0.019704103469849,0.000000001000000
10,4000,0.000000001657864,0.038232803344727,0.000000001000000
12,4000,0.000000001657864,0.035794496536255,0.000000001000000
1,6000,0.000000000736828,0.000094890594482,0.000000001000000
2,6000,0.000000000736828,0.000066518783569,0.000000001000000
4,6000,0.000000000736828,0.012007474899292,0.000000001000000
6,6000,0.000000000736829,0.009775638580322,0.000000001000000
8,6000,0.000000000736829,0.037600994110107,0.000000001000000
10,6000,0.000000000736829,0.059692621231079,0.000000001000000
12,6000,0.000000000736829,0.044950485229492,0.000000001000000
1,8000,0.000000000414466,0.000122308731079,0.000000001000000
2,8000,0.000000000414466,0.000366687774658,0.000000001000000
4,8000,0.000000000414465,0.000045537948608,0.000000001000000
6,8000,0.000000000414466,0.004658937454224,0.000000001000000
8,8000,0.000000000414466,0.009675025939941,0.000000001000000
10,8000,0.000000000414466,0.063960790634155,0.000000001000000
12,8000,0.000000000414466,0.041796445846558,0.000000001000000
1,10000,0.000000000265261,0.000152349472046,0.000000001000000
2,10000,0.000000000265260,0.000097990036011,0.000000001000000
4,10000,0.000000000265257,0.000066995620728,0.000000001000000
6,10000,0.000000000265257,0.007028818130493,0.000000001000000
8,10000,0.000000000265258,0.038630485534668,0.000000001000000
10,10000,0.000000000265258,0.032444000244141,0.000000001000000
12,10000,0.000000000265258,0.022103548049927,0.000000001000000
1,20000,0.000000000066314,0.000291585922241,0.000000001000000
2,20000,0.000000000066316,0.000172853469849,0.000000001000000
4,20000,0.000000000066316,0.009229421615601,0.000000001000000
6,20000,0.000000000066314,0.001935958862305,0.000000001000000
8,20000,0.000000000066315,0.040302276611328,0.000000001000000
10,20000,0.000000000066315,0.046814918518066,0.000000001000000
12,20000,0.000000000066315,0.041849374771118,0.000000001000000
1,40000,0.000000000016589,0.000586032867432,0.000000001000000
2,40000,0.000000000016573,0.000344991683960,0.000000001000000
4,40000,0.000000000016579,0.010570526123047,0.000000001000000
6,40000,0.000000000016578,0.013445854187012,0.000000001000000
8,40000,0.000000000016578,0.039127826690674,0.000000001000000
10,40000,0.000000000016578,0.031847238540649,0.000000001000000
12,40000,0.000000000016578,0.028626680374146,0.000000001000000
1,60000,0.000000000007373,0.000861167907715,0.000000001000000
2,60000,0.000000000007366,0.000489234924316,0.000000001000000
4,60000,0.000000000007370,0.002406120300293,0.000000001000000
6,60000,0.000000000007369,0.005570173263550,0.000000001000000
8,60000,0.000000000007369,0.012055635452271,0.000000001000000
10,60000,0.000000000007369,0.027793645858765,0.000000001000000
12,60000,0.000000000007369,0.046563386917114,0.000000001000000
1,80000,0.000000000004148,0.001199960708618,0.000000001000000
2,80000,0.000000000004150,0.000583648681641,0.000000001000000
4,80000,0.000000000004145,0.007833480834961,0.000000001000000
6,80000,0.000000000004144,0.016167879104614,0.000000001000000
8,80000,0.000000000004145,0.029900312423706,0.000000001000000
10,80000,0.000000000004144,0.039184331893921,0.000000001000000
12,80000,0.000000000004144,0.064064979553223,0.000000001000000
1,100000,0.000000000002664,0.001451492309570,0.000000001000000
2,100000,0.000000000002645,0.000726699829102,0.000000001000000
4,100000,0.000000000002649,0.008374929428101,0.000000001000000
6,100000,0.000000000002655,0.013360738754272,0.000000001000000
8,100000,0.000000000002655,0.047960519790649,0.000000001000000
10,100000,0.000000000002653,0.048829555511475,0.000000001000000
12,100000,0.000000000002652,0.045866727828979,0.000000001000000
1,200000,0.000000000000667,0.003003835678101,0.000000001000000
2,200000,0.000000000000665,0.001446247100830,0.000000001000000
4,200000,0.000000000000666,0.020080089569092,0.000000001000000
6,200000,0.000000000000666,0.000787496566772,0.000000001000000
8,200000,0.000000000000666,0.042918205261230,0.000000001000000
10,200000,0.000000000000663,0.030608415603638,0.000000001000000
12,200000,0.000000000000663,0.048121452331543,0.000000001000000
1,400000,0.000000000000187,0.005677461624146,0.000000001000000
2,400000,0.000000000000151,0.002855300903320,0.000000001000000
4,400000,0.000000000000167,0.003957033157349,0.000000001000000
6,400000,0.000000000000169,0.011931180953979,0.000000001000000
8,400000,0.000000000000168,0.023245811462402,0.000000001000000
10,400000,0.000000000000164,0.061803817749023,0.000000001000000
12,400000,0.000000000000163,0.017940521240234,0.000000001000000
1,600000,0.000000000000068,0.009080648422241,0.000000001000000
2,600000,0.000000000000084,0.004715204238892,0.000000001000000
4,600000,0.000000000000080,0.014173984527588,0.000000001000000
6,600000,0.000000000000076,0.009714365005493,0.000000001000000
8,600000,0.000000000000073,0.047977924346924,0.000000001000000
10,600000,0.000000000000074,0.064849138259888,0.000000001000000
12,600000,0.000000000000072,0.034037590026855,0.000000001000000
1,800000,0.000000000000034,0.011803627014160,0.000000001000000
2,800000,0.000000000000050,0.018343448638916,0.000000001000000
4,800000,0.000000000000034,0.023951292037964,0.000000001000000
6,800000,0.000000000000040,0.013680219650269,0.000000001000000
8,800000,0.000000000000042,0.026278018951416,0.000000001000000
10,800000,0.000000000000042,0.044120788574219,0.000000001000000
12,800000,0.000000000000042,0.034108877182007,0.000000001000000
1,1000000,0.000000000000009,0.014775514602661,0.000000001000000
2,1000000,0.000000000000046,0.029323577880859,0.000000001000000
4,1000000,0.000000000000035,0.005914211273193,0.000000001000000
6,1000000,0.000000000000033,0.015932559967041,0.000000001000000
8,1000000,0.000000000000031,0.033992052078247,0.000000001000000
10,1000000,0.000000000000025,0.029444217681885,0.000000001000000
12,1000000,0.000000000000026,0.042263031005859,0.000000001000000
1,20,0.000066312351325,0.000010967254639,0.000000001000000
2,20,0.000066312351325,0.000025033950806,0.000000001000000
4,20,0.000066312351325,0.019103288650513,0.000000001000000
6,20,0.000066312351325,0.000333786010742,0.000000001000000
8,20,0.000066312351325,0.037450551986694,0.000000001000000
10,20,0.000066312351325,0.026870012283325,0.000000001000000
12,20,0.000066312351325,0.036397218704224,0.000000001000000
1,40,0.000016578502332,0.000014543533325,0.000000001000000
2,40,0.000016578502332,0.000022649765015,0.000000001000000
4,40,0.000016578502332,0.006479263305664,0.000000001000000
6,40,0.000016578502331,0.001124858856201,0.000000001000000
8,40,0.000016578502332,0.037802696228027,0.000000001000000
10,40,0.000016578502331,0.020246028900146,0.000000001000000
12,40,0.000016578502331,0.052251338958740,0.000000001000000
1,60,0.000007368257244,0.000010967254639,0.000000001000000
2,60,0.000007368257244,0.000030517578125,0.000000001000000
4,60,0.000007368257244,0.001168727874756,0.000000001000000
6,60,0.000007368257244,0.005500555038452,0.000000001000000
8,60,0.000007368257244,0.062623739242554,0.000000001000000
10,60,0.000007368257244,0.023880958557129,0.000000001000000
12,60,0.000007368257244,0.029257535934448,0.000000001000000
1,80,0.000004144651385,0.000011682510376,0.000000001000000
2,80,0.000004144651385,0.000036478042603,0.000000001000000
4,80,0.000004144651385,0.006014108657837,0.000000001000000
6,80,0.000004144651385,0.011554002761841,0.000000001000000
8,80,0.000004144651385,0.046099901199341,0.000000001000000
10,80,0.000004144651385,0.033982992172241,0.000000001000000
12,80,0.000004144651385,0.032005548477173,0.000000001000000
1,100,0.000002652578866,0.000011920928955,0.000000001000000
2,100,0.000002652578866,0.000021696090698,0.000000001000000
4,100,0.000002652578866,0.014568328857422,0.000000001000000
6,100,0.000002652578866,0.003267288208008,0.000000001000000
8,100,0.000002652578866,0.028134584426880,0.000000001000000
10,100,0.000002652578866,0.028728485107422,0.000000001000000
12,100,0.000002652578866,0.038902759552002,0.000000001000000
1,200,0.000000663145376,0.000014543533325,0.000000001000000
2,200,0.000000663145376,0.000026226043701,0.000000001000000
4,200,0.000000663145376,0.019914150238037,0.000000001000000
6,200,0.000000663145376,0.007258415222168,0.000000001000000
8,200,0.000000663145376,0.038471937179565,0.000000001000000
10,200,0.000000663145376,0.053290843963623,0.000000001000000
12,200,0.000000663145376,0.050151586532593,0.000000001000000
1,400,0.000000165786386,0.000015735626221,0.000000001000000
2,400,0.000000165786385,0.000030994415283,0.000000001000000
4,400,0.000000165786386,0.000210762023926,0.000000001000000
6,400,0.000000165786385,0.010392189025879,0.000000001000000
8,400,0.000000165786385,0.056288719177246,0.000000001000000
10,400,0.000000165786385,0.034536838531494,0.000000001000000
12,400,0.000000165786386,0.046785354614258,0.000000001000000
1,600,0.000000073682842,0.000021457672119,0.000000001000000
2,600,0.000000073682841,0.000038385391235,0.000000001000000
4,600,0.000000073682841,0.009773015975952,0.000000001000000
6,600,0.000000073682841,0.005465984344482,0.000000001000000
8,600,0.000000073682841,0.042364358901978,0.000000001000000
10,600,0.000000073682842,0.035859346389771,0.000000001000000
12,600,0.000000073682842,0.065062284469604,0.000000001000000
1,800,0.000000041446597,0.000021457672119,0.000000001000000
2,800,0.000000041446599,0.000034809112549,0.000000001000000
4,800,0.000000041446599,0.011626482009888,0.000000001000000
6,800,0.000000041446599,0.001432895660400,0.000000001000000
8,800,0.000000041446599,0.042625665664673,0.000000001000000
10,800,0.000000041446599,0.054027080535889,0.000000001000000
12,800,0.000000041446599,0.043042182922363,0.000000001000000
1,1000,0.000000026525822,0.000024557113647,0.000000001000000
2,1000,0.000000026525823,0.000029325485229,0.000000001000000
4,1000,0.000000026525824,0.006523847579956,0.000000001000000
6,1000,0.000000026525824,0.011830091476440,0.000000001000000
8,1000,0.000000026525823,0.033370971679688,0.000000001000000
10,1000,0.000000026525823,0.019981861114502,0.000000001000000
12,1000,0.000000026525823,0.046739578247070,0.000000001000000
1,2000,0.000000006631454,0.000038385391235,0.000000001000000
2,2000,0.000000006631456,0.000036954879761,0.000000001000000
4,2000,0.000000006631456,0.003962755203247,0.000000001000000
6,2000,0.000000006631456,0.023873329162598,0.000000001000000
8,2000,0.000000006631456,0.052444219589233,0.000000001000000
10,2000,0.000000006631456,0.038419485092163,0.000000001000000
12,2000,0.000000006631456,0.034349203109741,0.000000001000000
1,4000,0.000000001657870,0.000066995620728,0.000000001000000
2,4000,0.000000001657865,0.000060558319092,0.000000001000000
4,4000,0.000000001657863,0.000045537948608,0.000000001000000
6,4000,0.000000001657864,0.010006189346313,0.000000001000000
8,4000,0.000000001657864,0.014827489852905,0.000000001000000
10,4000,0.000000001657864,0.045595645904541,0.000000001000000
12,4000,0.000000001657864,0.058382511138916,0.000000001000000
1,6000,0.000000000736828,0.000094652175903,0.000000001000000
2,6000,0.000000000736828,0.000084400177002,0.000000001000000
4,6000,0.000000000736828,0.000043869018555,0.000000001000000
6,6000,0.000000000736829,0.008150577545166,0.000000001000000
8,6000,0.000000000736829,0.041713476181030,0.000000001000000
10,6000,0.000000000736829,0.041751146316528,0.000000001000000
12,6000,0.000000000736829,0.050351381301880,0.000000001000000
1,8000,0.000000000414466,0.000123262405396,0.000000001000000
2,8000,0.000000000414466,0.000080823898315,0.000000001000000
4,8000,0.000000000414465,0.000051259994507,0.000000001000000
6,8000,0.000000000414466,0.009244441986084,0.000000001000000
8,8000,0.000000000414466,0.049917936325073,0.000000001000000
10,8000,0.000000000414466,0.033292293548584,0.000000001000000
12,8000,0.000000000414466,0.050615072250366,0.000000001000000
1,10000,0.000000000265261,0.000150680541992,0.000000001000000
2,10000,0.000000000265260,0.000091075897217,0.000000001000000
4,10000,0.000000000265257,0.000176906585693,0.000000001000000
6,10000,0.000000000265257,0.006402969360352,0.000000001000000
8,10000,0.000000000265258,0.006809711456299,0.000000001000000
10,10000,0.000000000265258,0.026689767837524,0.000000001000000
12,10000,0.000000000265258,0.035002708435059,0.000000001000000
1,20000,0.000000000066314,0.000337362289429,0.000000001000000
2,20000,0.000000000066316,0.000199317932129,0.000000001000000
4,20000,0.000000000066316,0.013643026351929,0.000000001000000
6,20000,0.000000000066314,0.017670154571533,0.000000001000000
8,20000,0.000000000066315,0.038069248199463,0.000000001000000
10,20000,0.000000000066315,0.026163339614868,0.000000001000000
12,20000,0.000000000066315,0.051838636398315,0.000000001000000
1,40000,0.000000000016589,0.000609159469604,0.000000001000000
2,40000,0.000000000016573,0.000313282012939,0.000000001000000
4,40000,0.000000000016579,0.021326780319214,0.000000001000000
6,40000,0.000000000016578,0.002490997314453,0.000000001000000
8,40000,0.000000000016578,0.263213396072388,0.000000001000000
10,40000,0.000000000016578,0.027842521667480,0.000000001000000
12,40000,0.000000000016578,0.031463623046875,0.000000001000000
1,60000,0.000000000007373,0.000885486602783,0.000000001000000
2,60000,0.000000000007366,0.000487804412842,0.000000001000000
4,60000,0.000000000007370,0.023946046829224,0.000000001000000
6,60000,0.000000000007369,0.006744861602783,0.000000001000000
8,60000,0.000000000007369,0.000320434570312,0.000000001000000
10,60000,0.000000000007369,0.024473428726196,0.000000001000000
12,60000,0.000000000007369,0.030932664871216,0.000000001000000
1,80000,0.000000000004148,0.001150846481323,0.000000001000000
2,80000,0.000000000004150,0.000699281692505,0.000000001000000
4,80000,0.000000000004145,0.009241104125977,0.000000001000000
6,80000,0.000000000004144,0.001785755157471,0.000000001000000
8,80000,0.000000000004145,0.050565481185913,0.000000001000000
10,80000,0.000000000004144,0.027936697006226,0.000000001000000
12,80000,0.000000000004144,0.032544374465942,0.000000001000000
1,100000,0.000000000002664,0.001462697982788,0.000000001000000
2,100000,0.000000000002645,0.000781059265137,0.000000001000000
4,100000,0.000000000002649,0.000379800796509,0.000000001000000
6,100000,0.000000000002655,0.009029865264893,0.000000001000000
8,100000,0.000000000002655,0.008907079696655,0.000000001000000
10,100000,0.000000000002653,0.022103548049927,0.000000001000000
12,100000,0.000000000002652,0.025360345840454,0.000000001000000
1,200000,0.000000000000667,0.002895593643188,0.000000001000000
2,200000,0.000000000000665,0.001573562622070,0.000000001000000
4,200000,0.000000000000666,0.007904052734375,0.000000001000000
6,200000,0.000000000000666,0.013586997985840,0.000000001000000
8,200000,0.000000000000666,0.038328886032104,0.000000001000000
10,200000,0.000000000000663,0.021493196487427,0.000000001000000
12,200000,0.000000000000663,0.059851884841919,0.000000001000000
1,400000,0.000000000000187,0.005861043930054,0.000000001000000
2,400000,0.000000000000151,0.006916522979736,0.000000001000000
4,400000,0.000000000000167,0.008928298950195,0.000000001000000
6,400000,0.000000000000169,0.011905193328857,0.000000001000000
8,400000,0.000000000000168,0.028494596481323,0.000000001000000
10,400000,0.000000000000164,0.025594711303711,0.000000001000000
12,400000,0.000000000000163,0.057816982269287,0.000000001000000
1,600000,0.000000000000068,0.008816957473755,0.000000001000000
2,600000,0.000000000000084,0.004319429397583,0.000000001000000
4,600000,0.000000000000080,0.032056093215942,0.000000001000000
6,600000,0.000000000000076,0.008718013763428,0.000000001000000
8,600000,0.000000000000073,0.032693624496460,0.000000001000000
10,600000,0.000000000000074,0.015085458755493,0.000000001000000
12,600000,0.000000000000072,0.056077241897583,0.000000001000000
1,800000,0.000000000000034,0.011752843856812,0.000000001000000
2,800000,0.000000000000050,0.006607532501221,0.000000001000000
4,800000,0.000000000000034,0.008807659149170,0.000000001000000
6,800000,0.000000000000040,0.009328126907349,0.000000001000000
8,800000,0.000000000000042,0.041707515716553,0.000000001000000
10,800000,0.000000000000042,0.015950202941895,0.000000001000000
12,800000,0.000000000000042,0.052224159240723,0.000000001000000
1,1000000,0.000000000000009,0.014337778091431,0.000000001000000
2,1000000,0.000000000000046,0.007210731506348,0.000000001000000
4,1000000,0.000000000000035,0.003587007522583,0.000000001000000
6,1000000,0.000000000000033,0.009885787963867,0.000000001000000
8,1000000,0.000000000000031,0.032849311828613,0.000000001000000
10,1000000,0.000000000000025,0.040082454681396,0.000000001000000
12,1000000,0.000000000000026,0.046371459960938,0.000000001000000
1,20,0.000066312351325,0.000011920928955,0.000000001000000
2,20,0.000066312351325,0.000021934509277,0.000000001000000
4,20,0.000066312351325,0.000029563903809,0.000000001000000
6,20,0.000066312351325,0.010396957397461,0.000000001000000
8,20,0.000066312351325,0.035465002059937,0.000000001000000
10,20,0.000066312351325,0.036913871765137,0.000000001000000
12,20,0.000066312351325,0.031650781631470,0.000000001000000
1,40,0.000016578502332,0.000011444091797,0.000000001000000
2,40,0.000016578502332,0.000104904174805,0.000000001000000
4,40,0.000016578502332,0.008116006851196,0.000000001000000
6,40,0.000016578502331,0.018081426620483,0.000000001000000
8,40,0.000016578502332,0.040145397186279,0.000000001000000
10,40,0.000016578502331,0.042513370513916,0.000000001000000
12,40,0.000016578502331,0.052784442901611,0.000000001000000
1,60,0.000007368257244,0.000013113021851,0.000000001000000
2,60,0.000007368257244,0.000021934509277,0.000000001000000
4,60,0.000007368257244,0.008331060409546,0.000000001000000
6,60,0.000007368257244,0.000278711318970,0.000000001000000
8,60,0.000007368257244,0.029885053634644,0.000000001000000
10,60,0.000007368257244,0.008129835128784,0.000000001000000
12,60,0.000007368257244,0.066698074340820,0.000000001000000
1,80,0.000004144651385,0.000012874603271,0.000000001000000
2,80,0.000004144651385,0.000057458877563,0.000000001000000
4,80,0.000004144651385,0.000023841857910,0.000000001000000
6,80,0.000004144651385,0.008681058883667,0.000000001000000
8,80,0.000004144651385,0.052854776382446,0.000000001000000
10,80,0.000004144651385,0.043421506881714,0.000000001000000
12,80,0.000004144651385,0.028426170349121,0.000000001000000
1,100,0.000002652578866,0.000011444091797,0.000000001000000
2,100,0.000002652578866,0.000029802322388,0.000000001000000
4,100,0.000002652578866,0.019893407821655,0.000000001000000
6,100,0.000002652578866,0.017681598663330,0.000000001000000
8,100,0.000002652578866,0.047242641448975,0.000000001000000
10,100,0.000002652578866,0.019820213317871,0.000000001000000
12,100,0.000002652578866,0.043969154357910,0.000000001000000
1,200,0.000000663145376,0.000013351440430,0.000000001000000
2,200,0.000000663145376,0.000064373016357,0.000000001000000
4,200,0.000000663145376,0.007955551147461,0.000000001000000
6,200,0.000000663145376,0.007057428359985,0.000000001000000
8,200,0.000000663145376,0.025066137313843,0.000000001000000
10,200,0.000000663145376,0.053371667861938,0.000000001000000
12,200,0.000000663145376,0.043194770812988,0.000000001000000
1,400,0.000000165786386,0.000015258789062,0.000000001000000
2,400,0.000000165786385,0.000188589096069,0.000000001000000
4,400,0.000000165786386,0.023889780044556,0.000000001000000
6,400,0.000000165786385,0.019417047500610,0.000000001000000
8,400,0.000000165786385,0.053118228912354,0.000000001000000
10,400,0.000000165786385,0.015571832656860,0.000000001000000
12,400,0.000000165786386,0.044160127639771,0.000000001000000
1,600,0.000000073682842,0.000018119812012,0.000000001000000
2,600,0.000000073682841,0.000036954879761,0.000000001000000
4,600,0.000000073682841,0.011928081512451,0.000000001000000
6,600,0.000000073682841,0.010398149490356,0.000000001000000
8,600,0.000000073682841,0.019385099411011,0.000000001000000
10,600,0.000000073682842,0.087299823760986,0.000000001000000
12,600,0.000000073682842,0.071665048599243,0.000000001000000
1,800,0.000000041446597,0.000020503997803,0.000000001000000
2,800,0.000000041446599,0.000028371810913,0.000000001000000
4,800,0.000000041446599,0.000685930252075,0.000000001000000
6,800,0.000000041446599,0.023413896560669,0.000000001000000
8,800,0.000000041446599,0.071083068847656,0.000000001000000
10,800,0.000000041446599,0.053532600402832,0.000000001000000
12,800,0.000000041446599,0.060995578765869,0.000000001000000
1,1000,0.000000026525822,0.000023603439331,0.000000001000000
2,1000,0.000000026525823,0.000030517578125,0.000000001000000
4,1000,0.000000026525824,0.000022649765015,0.000000001000000
6,1000,0.000000026525824,0.006276845932007,0.000000001000000
8,1000,0.000000026525823,0.055605173110962,0.000000001000000
10,1000,0.000000026525823,0.051134347915649,0.000000001000000
12,1000,0.000000026525823,0.057292938232422,0.000000001000000
1,2000,0.000000006631454,0.000038862228394,0.000000001000000
2,2000,0.000000006631456,0.000043630599976,0.000000001000000
4,2000,0.000000006631456,0.009169101715088,0.000000001000000
6,2000,0.000000006631456,0.002770900726318,0.000000001000000
8,2000,0.000000006631456,0.127464294433594,0.000000001000000
10,2000,0.000000006631456,0.071353912353516,0.000000001000000
12,2000,0.000000006631456,0.050235509872437,0.000000001000000
1,4000,0.000000001657870,0.000065326690674,0.000000001000000
2,4000,0.000000001657865,0.000047683715820,0.000000001000000
4,4000,0.000000001657863,0.005371093750000,0.000000001000000
6,4000,0.000000001657864,0.012865781784058,0.000000001000000
8,4000,0.000000001657864,0.055770635604858,0.000000001000000
10,4000,0.000000001657864,0.019697189331055,0.000000001000000
12,4000,0.000000001657864,0.084033727645874,0.000000001000000
1,6000,0.000000000736828,0.000094652175903,0.000000001000000
2,6000,0.000000000736828,0.000061988830566,0.000000001000000
4,6000,0.000000000736828,0.007402181625366,0.000000001000000
6,6000,0.000000000736829,0.011535882949829,0.000000001000000
8,6000,0.000000000736829,0.084544181823730,0.000000001000000
10,6000,0.000000000736829,0.092061996459961,0.000000001000000
12,6000,0.000000000736829,0.058904647827148,0.000000001000000
1,8000,0.000000000414466,0.000121831893921,0.000000001000000
2,8000,0.000000000414466,0.000076770782471,0.000000001000000
4,8000,0.000000000414465,0.001844882965088,0.000000001000000
6,8000,0.000000000414466,0.019454479217529,0.000000001000000
8,8000,0.000000000414466,0.066263914108276,0.000000001000000
10,8000,0.000000000414466,0.036079406738281,0.000000001000000
12,8000,0.000000000414466,0.064499855041504,0.000000001000000
1,10000,0.000000000265261,0.000150442123413,0.000000001000000
2,10000,0.000000000265260,0.000096321105957,0.000000001000000
4,10000,0.000000000265257,0.023947238922119,0.000000001000000
6,10000,0.000000000265257,0.026525735855103,0.000000001000000
8,10000,0.000000000265258,0.068461894989014,0.000000001000000
10,10000,0.000000000265258,0.089869976043701,0.000000001000000
12,10000,0.000000000265258,0.045252799987793,0.000000001000000
1,20000,0.000000000066314,0.000391244888306,0.000000001000000
2,20000,0.000000000066316,0.000201940536499,0.000000001000000
4,20000,0.000000000066316,0.000088691711426,0.000000001000000
6,20000,0.000000000066314,0.005582571029663,0.000000001000000
8,20000,0.000000000066315,0.053812503814697,0.000000001000000
10,20000,0.000000000066315,0.028826951980591,0.000000001000000
12,20000,0.000000000066315,0.067983150482178,0.000000001000000
1,40000,0.000000000016589,0.000571727752686,0.000000001000000
2,40000,0.000000000016573,0.004990816116333,0.000000001000000
4,40000,0.000000000016579,0.006601333618164,0.000000001000000
6,40000,0.000000000016578,0.007174491882324,0.000000001000000
8,40000,0.000000000016578,0.108914375305176,0.000000001000000
10,40000,0.000000000016578,0.048291921615601,0.000000001000000
12,40000,0.000000000016578,0.050615549087524,0.000000001000000
1,60000,0.000000000007373,0.000874042510986,0.000000001000000
2,60000,0.000000000007366,0.000450611114502,0.000000001000000
4,60000,0.000000000007370,0.009660482406616,0.000000001000000
6,60000,0.000000000007369,0.015440702438354,0.000000001000000
8,60000,0.000000000007369,0.152250528335571,0.000000001000000
10,60000,0.000000000007369,0.062580108642578,0.000000001000000
12,60000,0.000000000007369,0.079675674438477,0.000000001000000
1,80000,0.000000000004148,0.001135110855103,0.000000001000000
2,80000,0.000000000004150,0.000605344772339,0.000000001000000
4,80000,0.000000000004145,0.034666538238525,0.000000001000000
6,80000,0.000000000004144,0.032514572143555,0.000000001000000
8,80000,0.000000000004145,0.064678192138672,0.000000001000000
10,80000,0.000000000004144,0.044803380966187,0.000000001000000
12,80000,0.000000000004144,0.077376365661621,0.000000001000000
1,100000,0.000000000002664,0.001697778701782,0.000000001000000
2,100000,0.000000000002645,0.000727176666260,0.000000001000000
4,100000,0.000000000002649,0.010188817977905,0.000000001000000
6,100000,0.000000000002655,0.023948907852173,0.000000001000000
8,100000,0.000000000002655,0.053361892700195,0.000000001000000
10,100000,0.000000000002653,0.070262908935547,0.000000001000000
12,100000,0.000000000002652,0.064378499984741,0.000000001000000
1,200000,0.000000000000667,0.002944707870483,0.000000001000000
2,200000,0.000000000000665,0.001474618911743,0.000000001000000
4,200000,0.000000000000666,0.039924621582031,0.000000001000000
6,200000,0.000000000000666,0.038350343704224,0.000000001000000
8,200000,0.000000000000666,0.048597097396851,0.000000001000000
10,200000,0.000000000000663,0.083988666534424,0.000000001000000
12,200000,0.000000000000663,0.050197601318359,0.000000001000000
1,400000,0.000000000000187,0.005909681320190,0.000000001000000
2,400000,0.000000000000151,0.002883195877075,0.000000001000000
4,400000,0.000000000000167,0.001453638076782,0.000000001000000
6,400000,0.000000000000169,0.037187099456787,0.000000001000000
8,400000,0.000000000000168,0.056573629379272,0.000000001000000
10,400000,0.000000000000164,0.064557313919067,0.000000001000000
12,400000,0.000000000000163,0.068829059600830,0.000000001000000
1,600000,0.000000000000068,0.008948802947998,0.000000001000000
2,600000,0.000000000000084,0.008382797241211,0.000000001000000
4,600000,0.000000000000080,0.024000644683838,0.000000001000000
6,600000,0.000000000000076,0.007218360900879,0.000000001000000
8,600000,0.000000000000073,0.044359207153320,0.000000001000000
10,600000,0.000000000000074,0.060696125030518,0.000000001000000
12,600000,0.000000000000072,0.049712181091309,0.000000001000000
1,800000,0.000000000000034,0.015070199966431,0.000000001000000
2,800000,0.000000000000050,0.006156206130981,0.000000001000000
4,800000,0.000000000000034,0.035980224609375,0.000000001000000
6,800000,0.000000000000040,0.082105398178101,0.000000001000000
8,800000,0.000000000000042,0.067165851593018,0.000000001000000
10,800000,0.000000000000042,0.065176248550415,0.000000001000000
12,800000,0.000000000000042,0.075872659683228,0.000000001000000
1,1000000,0.000000000000009,0.014657497406006,0.000000001000000
2,1000000,0.000000000000046,0.009718894958496,0.000000001000000
4,1000000,0.000000000000035,0.028449296951294,0.000000001000000
6,1000000,0.000000000000033,0.032156944274902,0.000000001000000
8,1000000,0.000000000000031,0.061909914016724,0.000000001000000
10,1000000,0.000000000000025,0.104949951171875,0.000000001000000
12,1000000,0.000000000000026,0.037252187728882,0.000000001000000
1,20,0.000066312351325,0.000011682510376,0.000000001000000
2,20,0.000066312351325,0.000023841857910,0.000000001000000
4,20,0.000066312351325,0.013232707977295,0.000000001000000
6,20,0.000066312351325,0.011981725692749,0.000000001000000
8,20,0.000066312351325,0.029052495956421,0.000000001000000
10,20,0.000066312351325,0.067532539367676,0.000000001000000
12,20,0.000066312351325,0.086007833480835,0.000000001000000
1,40,0.000016578502332,0.000015258789062,0.000000001000000
2,40,0.000016578502332,0.005336523056030,0.000000001000000
4,40,0.000016578502332,0.007981300354004,0.000000001000000
6,40,0.000016578502331,0.041213512420654,0.000000001000000
8,40,0.000016578502332,0.112410306930542,0.000000001000000
10,40,0.000016578502331,0.082686185836792,0.000000001000000
12,40,0.000016578502331,0.125800132751465,0.000000001000000
1,60,0.000007368257244,0.000009298324585,0.000000001000000
2,60,0.000007368257244,0.000020503997803,0.000000001000000
4,60,0.000007368257244,0.012034654617310,0.000000001000000
6,60,0.000007368257244,0.008152246475220,0.000000001000000
8,60,0.000007368257244,0.053025245666504,0.000000001000000
10,60,0.000007368257244,0.063507318496704,0.000000001000000
12,60,0.000007368257244,0.094691038131714,0.000000001000000
1,80,0.000004144651385,0.000011682510376,0.000000001000000
2,80,0.000004144651385,0.000030755996704,0.000000001000000
4,80,0.000004144651385,0.030713319778442,0.000000001000000
6,80,0.000004144651385,0.052256107330322,0.000000001000000
8,80,0.000004144651385,0.099983692169189,0.000000001000000
10,80,0.000004144651385,0.087885856628418,0.000000001000000
12,80,0.000004144651385,0.046456813812256,0.000000001000000
1,100,0.000002652578866,0.000013828277588,0.000000001000000
2,100,0.000002652578866,0.000028133392334,0.000000001000000
4,100,0.000002652578866,0.014461517333984,0.000000001000000
6,100,0.000002652578866,0.035286426544189,0.000000001000000
8,100,0.000002652578866,0.037714242935181,0.000000001000000
10,100,0.000002652578866,0.043983697891235,0.000000001000000
12,100,0.000002652578866,0.066818475723267,0.000000001000000
1,200,0.000000663145376,0.000012874603271,0.000000001000000
2,200,0.000000663145376,0.000025987625122,0.000000001000000
4,200,0.000000663145376,0.011944293975830,0.000000001000000
6,200,0.000000663145376,0.020176410675049,0.000000001000000
8,200,0.000000663145376,0.060197591781616,0.000000001000000
10,200,0.000000663145376,0.025604724884033,0.000000001000000
12,200,0.000000663145376,0.066635131835938,0.000000001000000
1,400,0.000000165786386,0.000018835067749,0.000000001000000
2,400,0.000000165786385,0.000025272369385,0.000000001000000
4,400,0.000000165786386,0.002545118331909,0.000000001000000
6,400,0.000000165786385,0.028447151184082,0.000000001000000
8,400,0.000000165786385,0.032796621322632,0.000000001000000
10,400,0.000000165786385,0.064119577407837,0.000000001000000
12,400,0.000000165786386,0.029376506805420,0.000000001000000
1,600,0.000000073682842,0.000019073486328,0.000000001000000
2,600,0.000000073682841,0.000028371810913,0.000000001000000
4,600,0.000000073682841,0.023938179016113,0.000000001000000
6,600,0.000000073682841,0.012048244476318,0.000000001000000
8,600,0.000000073682841,0.049464225769043,0.000000001000000
10,600,0.000000073682842,0.041583299636841,0.000000001000000
12,600,0.000000073682842,0.046111583709717,0.000000001000000
1,800,0.000000041446597,0.000022888183594,0.000000001000000
2,800,0.000000041446599,0.000028848648071,0.000000001000000
4,800,0.000000041446599,0.035950422286987,0.000000001000000
6,800,0.000000041446599,0.037108421325684,0.000000001000000
8,800,0.000000041446599,0.054171323776245,0.000000001000000
10,800,0.000000041446599,0.070657730102539,0.000000001000000
12,800,0.000000041446599,0.116705179214478,0.000000001000000
1,1000,0.000000026525822,0.000024795532227,0.000000001000000
2,1000,0.000000026525823,0.000026702880859,0.000000001000000
4,1000,0.000000026525824,0.012328624725342,0.000000001000000
6,1000,0.000000026525824,0.023509263992310,0.000000001000000
8,1000,0.000000026525823,0.024457454681396,0.000000001000000
10,1000,0.000000026525823,0.176737546920776,0.000000001000000
12,1000,0.000000026525823,0.117313385009766,0.000000001000000
1,2000,0.000000006631454,0.000038146972656,0.000000001000000
2,2000,0.000000006631456,0.000032901763916,0.000000001000000
4,2000,0.000000006631456,0.015866756439209,0.000000001000000
6,2000,0.000000006631456,0.033813714981079,0.000000001000000
8,2000,0.000000006631456,0.038747072219849,0.000000001000000
10,2000,0.000000006631456,0.045762538909912,0.000000001000000
12,2000,0.000000006631456,0.065690994262695,0.000000001000000
1,4000,0.000000001657870,0.000067472457886,0.000000001000000
2,4000,0.000000001657865,0.004071712493896,0.000000001000000
4,4000,0.000000001657863,0.000038623809814,0.000000001000000
6,4000,0.000000001657864,0.014547824859619,0.000000001000000
8,4000,0.000000001657864,0.066756486892700,0.000000001000000
10,4000,0.000000001657864,0.039922714233398,0.000000001000000
12,4000,0.000000001657864,0.054642438888550,0.000000001000000
1,6000,0.000000000736828,0.000090837478638,0.000000001000000
2,6000,0.000000000736828,0.000065326690674,0.000000001000000
4,6000,0.000000000736828,0.000043630599976,0.000000001000000
6,6000,0.000000000736829,0.018184423446655,0.000000001000000
8,6000,0.000000000736829,0.081909656524658,0.000000001000000
10,6000,0.000000000736829,0.040906190872192,0.000000001000000
12,6000,0.000000000736829,0.089376688003540,0.000000001000000
1,8000,0.000000000414466,0.000122547149658,0.000000001000000
2,8000,0.000000000414466,0.000080108642578,0.000000001000000
4,8000,0.000000000414465,0.023941755294800,0.000000001000000
6,8000,0.000000000414466,0.005122423171997,0.000000001000000
8,8000,0.000000000414466,0.074052095413208,0.000000001000000
10,8000,0.000000000414466,0.067782878875732,0.000000001000000
12,8000,0.000000000414466,0.113815546035767,0.000000001000000
1,10000,0.000000000265261,0.000151872634888,0.000000001000000
2,10000,0.000000000265260,0.000087976455688,0.000000001000000
4,10000,0.000000000265257,0.000057697296143,0.000000001000000
6,10000,0.000000000265257,0.029831886291504,0.000000001000000
8,10000,0.000000000265258,0.026715517044067,0.000000001000000
10,10000,0.000000000265258,0.087170124053955,0.000000001000000
12,10000,0.000000000265258,0.155206680297852,0.000000001000000
1,20000,0.000000000066314,0.000301361083984,0.000000001000000
2,20000,0.000000000066316,0.000160694122314,0.000000001000000
4,20000,0.000000000066316,0.023930311203003,0.000000001000000
6,20000,0.000000000066314,0.019880533218384,0.000000001000000
8,20000,0.000000000066315,0.097888946533203,0.000000001000000
10,20000,0.000000000066315,0.109870910644531,0.000000001000000
12,20000,0.000000000066315,0.046180248260498,0.000000001000000
1,40000,0.000000000016589,0.000595569610596,0.000000001000000
2,40000,0.000000000016573,0.000303983688354,0.000000001000000
4,40000,0.000000000016579,0.033903598785400,0.000000001000000
6,40000,0.000000000016578,0.023942232131958,0.000000001000000
8,40000,0.000000000016578,0.045952081680298,0.000000001000000
10,40000,0.000000000016578,0.038319110870361,0.000000001000000
12,40000,0.000000000016578,0.131961345672607,0.000000001000000
1,60000,0.000000000007373,0.000934362411499,0.000000001000000
2,60000,0.000000000007366,0.000444889068604,0.000000001000000
4,60000,0.000000000007370,0.023956537246704,0.000000001000000
6,60000,0.000000000007369,0.000424861907959,0.000000001000000
8,60000,0.000000000007369,0.044178962707520,0.000000001000000
10,60000,0.000000000007369,0.100350856781006,0.000000001000000
12,60000,0.000000000007369,0.115156173706055,0.000000001000000
1,80000,0.000000000004148,0.001174926757812,0.000000001000000
2,80000,0.000000000004150,0.000590324401855,0.000000001000000
4,80000,0.000000000004145,0.018526792526245,0.000000001000000
6,80000,0.000000000004144,0.015850305557251,0.000000001000000
8,80000,0.000000000004145,0.080378293991089,0.000000001000000
10,80000,0.000000000004144,0.050561428070068,0.000000001000000
12,80000,0.000000000004144,0.036836862564087,0.000000001000000
1,100000,0.000000000002664,0.001490592956543,0.000000001000000
2,100000,0.000000000002645,0.005162477493286,0.000000001000000
4,100000,0.000000000002649,0.027917623519897,0.000000001000000
6,100000,0.000000000002655,0.000500917434692,0.000000001000000
8,100000,0.000000000002655,0.069424152374268,0.000000001000000
10,100000,0.000000000002653,0.107975721359253,0.000000001000000
12,100000,0.000000000002652,0.056088924407959,0.000000001000000
1,200000,0.000000000000667,0.005188465118408,0.000000001000000
2,200000,0.000000000000665,0.001455068588257,0.000000001000000
4,200000,0.000000000000666,0.022278308868408,0.000000001000000
6,200000,0.000000000000666,0.012570858001709,0.000000001000000
8,200000,0.000000000000666,0.111799955368042,0.000000001000000
10,200000,0.000000000000663,0.058664560317993,0.000000001000000
12,200000,0.000000000000663,0.104667186737061,0.000000001000000
1,400000,0.000000000000187,0.010683536529541,0.000000001000000
2,400000,0.000000000000151,0.007478713989258,0.000000001000000
4,400000,0.000000000000167,0.001622915267944,0.000000001000000
6,400000,0.000000000000169,0.001245975494385,0.000000001000000
8,400000,0.000000000000168,0.098648548126221,0.000000001000000
10,400000,0.000000000000164,0.056094884872437,0.000000001000000
12,400000,0.000000000000163,0.058777332305908,0.000000001000000
1,600000,0.000000000000068,0.009800434112549,0.000000001000000
2,600000,0.000000000000084,0.004409074783325,0.000000001000000
4,600000,0.000000000000080,0.019973993301392,0.000000001000000
6,600000,0.000000000000076,0.059875726699829,0.000000001000000
8,600000,0.000000000000073,0.126078844070435,0.000000001000000
10,600000,0.000000000000074,0.090787649154663,0.000000001000000
12,600000,0.000000000000072,0.153686761856079,0.000000001000000
1,800000,0.000000000000034,0.015701055526733,0.000000001000000
2,800000,0.000000000000050,0.007368326187134,0.000000001000000
4,800000,0.000000000000034,0.006880521774292,0.000000001000000
6,800000,0.000000000000040,0.003721952438354,0.000000001000000
8,800000,0.000000000000042,0.073910474777222,0.000000001000000
10,800000,0.000000000000042,0.082471132278442,0.000000001000000
12,800000,0.000000000000042,0.083979606628418,0.000000001000000
1,1000000,0.000000000000009,0.017378091812134,0.000000001000000
2,1000000,0.000000000000046,0.007477521896362,0.000000001000000
4,1000000,0.000000000000035,0.026583433151245,0.000000001000000
6,1000000,0.000000000000033,0.024293899536133,0.000000001000000
8,1000000,0.000000000000031,0.082987546920776,0.000000001000000
10,1000000,0.000000000000025,0.035337448120117,0.000000001000000
12,1000000,0.000000000000026,0.086899518966675,0.000000001000000
1,20,0.000066312351325,0.000012397766113,0.000000001000000
2,20,0.000066312351325,0.000029325485229,0.000000001000000
4,20,0.000066312351325,0.002136468887329,0.000000001000000
6,20,0.000066312351325,0.001509666442871,0.000000001000000
8,20,0.000066312351325,0.139972686767578,0.000000001000000
10,20,0.000066312351325,0.061419725418091,0.000000001000000
12,20,0.000066312351325,0.036485195159912,0.000000001000000
1,40,0.000016578502332,0.000011682510376,0.000000001000000
2,40,0.000016578502332,0.014257431030273,0.000000001000000
4,40,0.000016578502332,0.010302066802979,0.000000001000000
6,40,0.000016578502331,0.005090475082397,0.000000001000000
8,40,0.000016578502332,0.151139259338379,0.000000001000000
10,40,0.000016578502331,0.044015645980835,0.000000001000000
12,40,0.000016578502331,0.040161609649658,0.000000001000000
1,60,0.000007368257244,0.000010251998901,0.000000001000000
2,60,0.000007368257244,0.000023841857910,0.000000001000000
4,60,0.000007368257244,0.013091087341309,0.000000001000000
6,60,0.000007368257244,0.017897844314575,0.000000001000000
8,60,0.000007368257244,0.080920457839966,0.000000001000000
10,60,0.000007368257244,0.067827463150024,0.000000001000000
12,60,0.000007368257244,0.050549268722534,0.000000001000000
1,80,0.000004144651385,0.000012159347534,0.000000001000000
2,80,0.000004144651385,0.000025033950806,0.000000001000000
4,80,0.000004144651385,0.007911205291748,0.000000001000000
6,80,0.000004144651385,0.012119531631470,0.000000001000000
8,80,0.000004144651385,0.024068832397461,0.000000001000000
10,80,0.000004144651385,0.026004314422607,0.000000001000000
12,80,0.000004144651385,0.042859315872192,0.000000001000000
1,100,0.000002652578866,0.000012159347534,0.000000001000000
2,100,0.000002652578866,0.000052213668823,0.000000001000000
4,100,0.000002652578866,0.019694805145264,0.000000001000000
6,100,0.000002652578866,0.018818140029907,0.000000001000000
8,100,0.000002652578866,0.055395603179932,0.000000001000000
10,100,0.000002652578866,0.043806314468384,0.000000001000000
12,100,0.000002652578866,0.135959625244141,0.000000001000000
1,200,0.000000663145376,0.000013589859009,0.000000001000000
2,200,0.000000663145376,0.023938417434692,0.000000001000000
4,200,0.000000663145376,0.008022546768188,0.000000001000000
6,200,0.000000663145376,0.019210338592529,0.000000001000000
8,200,0.000000663145376,0.047742366790771,0.000000001000000
10,200,0.000000663145376,0.067356109619141,0.000000001000000
12,200,0.000000663145376,0.039482831954956,0.000000001000000
1,400,0.000000165786386,0.000015020370483,0.000000001000000
2,400,0.000000165786385,0.000031471252441,0.000000001000000
4,400,0.000000165786386,0.000026702880859,0.000000001000000
6,400,0.000000165786385,0.006583213806152,0.000000001000000
8,400,0.000000165786385,0.093454837799072,0.000000001000000
10,400,0.000000165786385,0.071967601776123,0.000000001000000
12,400,0.000000165786386,0.077004909515381,0.000000001000000
1,600,0.000000073682842,0.000018596649170,0.000000001000000
2,600,0.000000073682841,0.000060319900513,0.000000001000000
4,600,0.000000073682841,0.063921213150024,0.000000001000000
6,600,0.000000073682841,0.015933513641357,0.000000001000000
8,600,0.000000073682841,0.004348039627075,0.000000001000000
10,600,0.000000073682842,0.077542304992676,0.000000001000000
12,600,0.000000073682842,0.054946422576904,0.000000001000000
1,800,0.000000041446597,0.000021696090698,0.000000001000000
2,800,0.000000041446599,0.000034809112549,0.000000001000000
4,800,0.000000041446599,0.183397293090820,0.000000001000000
6,800,0.000000041446599,0.016411542892456,0.000000001000000
8,800,0.000000041446599,0.072434425354004,0.000000001000000
10,800,0.000000041446599,0.096395015716553,0.000000001000000
12,800,0.000000041446599,0.105952739715576,0.000000001000000
1,1000,0.000000026525822,0.000023126602173,0.000000001000000
2,1000,0.000000026525823,0.000025510787964,0.000000001000000
4,1000,0.000000026525824,0.001307725906372,0.000000001000000
6,1000,0.000000026525824,0.027945041656494,0.000000001000000
8,1000,0.000000026525823,0.057236909866333,0.000000001000000
10,1000,0.000000026525823,0.045269012451172,0.000000001000000
12,1000,0.000000026525823,0.082195043563843,0.000000001000000
1,2000,0.000000006631454,0.000039100646973,0.000000001000000
2,2000,0.000000006631456,0.000033855438232,0.000000001000000
4,2000,0.000000006631456,0.007948875427246,0.000000001000000
6,2000,0.000000006631456,0.024329423904419,0.000000001000000
8,2000,0.000000006631456,0.074585437774658,0.000000001000000
10,2000,0.000000006631456,0.086367368698120,0.000000001000000
12,2000,0.000000006631456,0.033037900924683,0.000000001000000
1,4000,0.000000001657870,0.000067234039307,0.000000001000000
2,4000,0.000000001657865,0.000052213668823,0.000000001000000
4,4000,0.000000001657863,0.006069898605347,0.000000001000000
6,4000,0.000000001657864,0.015902042388916,0.000000001000000
8,4000,0.000000001657864,0.051974296569824,0.000000001000000
10,4000,0.000000001657864,0.052032947540283,0.000000001000000
12,4000,0.000000001657864,0.075971603393555,0.000000001000000
1,6000,0.000000000736828,0.000094413757324,0.000000001000000
2,6000,0.000000000736828,0.000066280364990,0.000000001000000
4,6000,0.000000000736828,0.024328708648682,0.000000001000000
6,6000,0.000000000736829,0.057947397232056,0.000000001000000
8,6000,0.000000000736829,0.119677305221558,0.000000001000000
10,6000,0.000000000736829,0.049829483032227,0.000000001000000
12,6000,0.000000000736829,0.063880920410156,0.000000001000000
1,8000,0.000000000414466,0.000124692916870,0.000000001000000
2,8000,0.000000000414466,0.000085830688477,0.000000001000000
4,8000,0.000000000414465,0.035928010940552,0.000000001000000
6,8000,0.000000000414466,0.027925491333008,0.000000001000000
8,8000,0.000000000414466,0.070734262466431,0.000000001000000
10,8000,0.000000000414466,0.041109323501587,0.000000001000000
12,8000,0.000000000414466,0.071786880493164,0.000000001000000
1,10000,0.000000000265261,0.000150918960571,0.000000001000000
2,10000,0.000000000265260,0.015150308609009,0.000000001000000
4,10000,0.000000000265257,0.027936458587646,0.000000001000000
6,10000,0.000000000265257,0.001097202301025,0.000000001000000
8,10000,0.000000000265258,0.075558900833130,0.000000001000000
10,10000,0.000000000265258,0.072129487991333,0.000000001000000
12,10000,0.000000000265258,0.056102514266968,0.000000001000000
1,20000,0.000000000066314,0.000293970108032,0.000000001000000
2,20000,0.000000000066316,0.000164508819580,0.000000001000000
4,20000,0.000000000066316,0.045797586441040,0.000000001000000
6,20000,0.000000000066314,0.012797117233276,0.000000001000000
8,20000,0.000000000066315,0.043858051300049,0.000000001000000
10,20000,0.000000000066315,0.047077655792236,0.000000001000000
12,20000,0.000000000066315,0.047896862030029,0.000000001000000
1,40000,0.000000000016589,0.000587463378906,0.000000001000000
2,40000,0.000000000016573,0.000427961349487,0.000000001000000
4,40000,0.000000000016579,0.008404970169067,0.000000001000000
6,40000,0.000000000016578,0.004062891006470,0.000000001000000
8,40000,0.000000000016578,0.060287475585938,0.000000001000000
10,40000,0.000000000016578,0.115734577178955,0.000000001000000
12,40000,0.000000000016578,0.105323553085327,0.000000001000000
1,60000,0.000000000007373,0.000858068466187,0.000000001000000
2,60000,0.000000000007366,0.006936788558960,0.000000001000000
4,60000,0.000000000007370,0.007186889648438,0.000000001000000
6,60000,0.000000000007369,0.011363506317139,0.000000001000000
8,60000,0.000000000007369,0.048429727554321,0.000000001000000
10,60000,0.000000000007369,0.076845884323120,0.000000001000000
12,60000,0.000000000007369,0.085300683975220,0.000000001000000
1,80000,0.000000000004148,0.001189231872559,0.000000001000000
2,80000,0.000000000004150,0.000589847564697,0.000000001000000
4,80000,0.000000000004145,0.039941549301147,0.000000001000000
6,80000,0.000000000004144,0.024312734603882,0.000000001000000
8,80000,0.000000000004145,0.143961191177368,0.000000001000000
10,80000,0.000000000004144,0.229466199874878,0.000000001000000
