1,20,0.000000000197355,0.000015974044800,0.000000001000000
2,20,0.000000000197355,0.000034332275391,0.000000001000000
4,20,0.000000000197355,0.004015445709229,0.000000001000000
6,20,0.000000000197355,0.012808322906494,0.000000001000000
8,20,0.000000000197355,0.027449846267700,0.000000001000000
10,20,0.000000000197355,0.010470628738403,0.000000001000000
12,20,0.000000000197355,0.060968637466431,0.000000001000000
1,40,0.000000000003084,0.000016927719116,0.000000001000000
2,40,0.000000000003084,0.000049114227295,0.000000001000000
4,40,0.000000000003084,0.022470474243164,0.000000001000000
6,40,0.000000000003084,0.018001794815063,0.000000001000000
8,40,0.000000000003084,0.059659481048584,0.000000001000000
10,40,0.000000000003084,0.051471471786499,0.000000001000000
12,40,0.000000000003084,0.064685106277466,0.000000001000000
1,60,0.000000000000271,0.000018119812012,0.000000001000000
2,60,0.000000000000270,0.000069618225098,0.000000001000000
4,60,0.000000000000271,0.000183820724487,0.000000001000000
6,60,0.000000000000271,0.012562990188599,0.000000001000000
8,60,0.000000000000271,0.063294649124146,0.000000001000000
10,60,0.000000000000271,0.039294958114624,0.000000001000000
12,60,0.000000000000271,0.063958644866943,0.000000001000000
1,80,0.000000000000048,0.000018835067749,0.000000001000000
2,80,0.000000000000048,0.000043392181396,0.000000001000000
4,80,0.000000000000048,0.000050544738770,0.000000001000000
6,80,0.000000000000048,0.011451959609985,0.000000001000000
8,80,0.000000000000048,0.062193632125854,0.000000001000000
10,80,0.000000000000048,0.023473978042603,0.000000001000000
12,80,0.000000000000048,0.060116529464722,0.000000001000000
1,100,0.000000000000013,0.000015258789062,0.000000001000000
2,100,0.000000000000013,0.000041961669922,0.000000001000000
4,100,0.000000000000013,0.003881454467773,0.000000001000000
6,100,0.000000000000013,0.022170543670654,0.000000001000000
8,100,0.000000000000013,0.048802375793457,0.000000001000000
10,100,0.000000000000013,0.040926218032837,0.000000001000000
12,100,0.000000000000013,0.048195123672485,0.000000001000000
1,200,0.000000000000000,0.000022411346436,0.000000001000000
2,200,0.000000000000000,0.000038623809814,0.000000001000000
4,200,0.000000000000000,0.003587007522583,0.000000001000000
6,200,0.000000000000000,0.013331651687622,0.000000001000000
8,200,0.000000000000000,0.025599241256714,0.000000001000000
10,200,0.000000000000000,0.031326055526733,0.000000001000000
12,200,0.000000000000000,0.044649124145508,0.000000001000000
1,400,0.000000000000001,0.000034332275391,0.000000001000000
2,400,0.000000000000000,0.000051975250244,0.000000001000000
4,400,0.000000000000000,0.000308990478516,0.000000001000000
6,400,0.000000000000000,0.015307664871216,0.000000001000000
8,400,0.000000000000000,0.057283878326416,0.000000001000000
10,400,0.000000000000000,0.035589218139648,0.000000001000000
12,400,0.000000000000000,0.055158376693726,0.000000001000000
1,600,0.000000000000000,0.000032424926758,0.000000001000000
2,600,0.000000000000000,0.000046014785767,0.000000001000000
4,600,0.000000000000000,0.000286340713501,0.000000001000000
6,600,0.000000000000000,0.014030456542969,0.000000001000000
8,600,0.000000000000000,0.055141210556030,0.000000001000000
10,600,0.000000000000000,0.086136579513550,0.000000001000000
12,600,0.000000000000000,0.036943912506104,0.000000001000000
1,800,0.000000000000000,0.000046968460083,0.000000001000000
2,800,0.000000000000000,0.000162363052368,0.000000001000000
4,800,0.000000000000000,0.200236558914185,0.000000001000000
6,800,0.000000000000000,0.000301361083984,0.000000001000000
8,800,0.000000000000000,0.031927824020386,0.000000001000000
10,800,0.000000000000000,0.031674385070801,0.000000001000000
12,800,0.000000000000000,0.039069652557373,0.000000001000000
1,1000,0.000000000000001,0.000118970870972,0.000000001000000
2,1000,0.000000000000000,0.000057220458984,0.000000001000000
4,1000,0.000000000000001,0.003926277160645,0.000000001000000
6,1000,0.000000000000000,0.015800714492798,0.000000001000000
8,1000,0.000000000000000,0.028087377548218,0.000000001000000
10,1000,0.000000000000000,0.051314592361450,0.000000001000000
12,1000,0.000000000000000,0.046667337417603,0.000000001000000
1,2000,0.000000000000000,0.000072002410889,0.000000001000000
2,2000,0.000000000000001,0.000063896179199,0.000000001000000
4,2000,0.000000000000001,0.012161016464233,0.000000001000000
6,2000,0.000000000000000,0.005127429962158,0.000000001000000
8,2000,0.000000000000001,0.033864021301270,0.000000001000000
10,2000,0.000000000000000,0.052249431610107,0.000000001000000
12,2000,0.000000000000000,0.023828029632568,0.000000001000000
1,4000,0.000000000000002,0.000139951705933,0.000000001000000
2,4000,0.000000000000000,0.000101089477539,0.000000001000000
4,4000,0.000000000000000,0.008016109466553,0.000000001000000
6,4000,0.000000000000000,0.291507244110107,0.000000001000000
8,4000,0.000000000000001,0.036410093307495,0.000000001000000
10,4000,0.000000000000000,0.027818679809570,0.000000001000000
12,4000,0.000000000000000,0.016806364059448,0.000000001000000
1,6000,0.000000000000006,0.000197887420654,0.000000001000000
2,6000,0.000000000000002,0.000125408172607,0.000000001000000
4,6000,0.000000000000001,0.001615762710571,0.000000001000000
6,6000,0.000000000000000,0.029587507247925,0.000000001000000
8,6000,0.000000000000000,0.019087791442871,0.000000001000000
10,6000,0.000000000000000,0.019100904464722,0.000000001000000
12,6000,0.000000000000000,0.039863348007202,0.000000001000000
1,8000,0.000000000000004,0.000238180160522,0.000000001000000
2,8000,0.000000000000002,0.000148057937622,0.000000001000000
4,8000,0.000000000000001,0.002661705017090,0.000000001000000
6,8000,0.000000000000001,0.025719165802002,0.000000001000000
8,8000,0.000000000000000,0.025112152099609,0.000000001000000
10,8000,0.000000000000001,0.026827812194824,0.000000001000000
12,8000,0.000000000000001,0.046145677566528,0.000000001000000
1,10000,0.000000000000004,0.000330448150635,0.000000001000000
2,10000,0.000000000000001,0.000186204910278,0.000000001000000
4,10000,0.000000000000001,0.043159246444702,0.000000001000000
6,10000,0.000000000000000,0.004095554351807,0.000000001000000
8,10000,0.000000000000000,0.046569824218750,0.000000001000000
10,10000,0.000000000000000,0.026245832443237,0.000000001000000
12,10000,0.000000000000000,0.060878753662109,0.000000001000000
1,20000,0.000000000000006,0.000597000122070,0.000000001000000
2,20000,0.000000000000002,0.000327587127686,0.000000001000000
4,20000,0.000000000000003,0.012760400772095,0.000000001000000
6,20000,0.000000000000001,0.006307125091553,0.000000001000000
8,20000,0.000000000000001,0.036130189895630,0.000000001000000
10,20000,0.000000000000001,0.038259267807007,0.000000001000000
12,20000,0.000000000000001,0.039976358413696,0.000000001000000
1,40000,0.000000000000005,0.001169919967651,0.000000001000000
2,40000,0.000000000000001,0.000509500503540,0.000000001000000
4,40000,0.000000000000002,0.001454591751099,0.000000001000000
6,40000,0.000000000000002,0.026361465454102,0.000000001000000
8,40000,0.000000000000001,0.059805393218994,0.000000001000000
10,40000,0.000000000000000,0.015533924102783,0.000000001000000
12,40000,0.000000000000000,0.031103610992432,0.000000001000000
1,60000,0.000000000000002,0.002191066741943,0.000000001000000
2,60000,0.000000000000004,0.000903367996216,0.000000001000000
4,60000,0.000000000000000,0.004491329193115,0.000000001000000
6,60000,0.000000000000001,0.023916482925415,0.000000001000000
8,60000,0.000000000000001,0.049455165863037,0.000000001000000
10,60000,0.000000000000000,0.024298667907715,0.000000001000000
12,60000,0.000000000000001,0.035443067550659,0.000000001000000
1,80000,0.000000000000011,0.001135826110840,0.000000001000000
2,80000,0.000000000000008,0.000642299652100,0.000000001000000
4,80000,0.000000000000005,0.006159782409668,0.000000001000000
6,80000,0.000000000000001,0.010110616683960,0.000000001000000
8,80000,0.000000000000000,0.063905239105225,0.000000001000000
10,80000,0.000000000000001,0.024001121520996,0.000000001000000
12,80000,0.000000000000000,0.072762250900269,0.000000001000000
1,100000,0.000000000000004,0.001428842544556,0.000000001000000
2,100000,0.000000000000000,0.000722646713257,0.000000001000000
4,100000,0.000000000000002,0.004374027252197,0.000000001000000
6,100000,0.000000000000000,0.012233018875122,0.000000001000000
8,100000,0.000000000000001,0.036092519760132,0.000000001000000
10,100000,0.000000000000001,0.020621299743652,0.000000001000000
12,100000,0.000000000000000,0.046548843383789,0.000000001000000
1,200000,0.000000000000004,0.006181955337524,0.000000001000000
2,200000,0.000000000000005,0.002972364425659,0.000000001000000
4,200000,0.000000000000003,0.008953332901001,0.000000001000000
6,200000,0.000000000000003,0.003820180892944,0.000000001000000
8,200000,0.000000000000001,0.049818992614746,0.000000001000000
10,200000,0.000000000000000,0.021512269973755,0.000000001000000
12,200000,0.000000000000001,0.090057611465454,0.000000001000000
1,400000,0.000000000000016,0.006146669387817,0.000000001000000
2,400000,0.000000000000002,0.003304481506348,0.000000001000000
4,400000,0.000000000000003,0.007518529891968,0.000000001000000
6,400000,0.000000000000005,0.008999109268188,0.000000001000000
8,400000,0.000000000000003,0.040241479873657,0.000000001000000
10,400000,0.000000000000002,0.040061235427856,0.000000001000000
12,400000,0.000000000000000,0.040161132812500,0.000000001000000
1,600000,0.000000000000043,0.017115116119385,0.000000001000000
2,600000,0.000000000000011,0.010126590728760,0.000000001000000
4,600000,0.000000000000004,0.007987022399902,0.000000001000000
6,600000,0.000000000000005,0.009607076644897,0.000000001000000
8,600000,0.000000000000002,0.042107820510864,0.000000001000000
10,600000,0.000000000000001,0.034872055053711,0.000000001000000
12,600000,0.000000000000001,0.042868137359619,0.000000001000000
1,800000,0.000000000000003,0.023581504821777,0.000000001000000
2,800000,0.000000000000017,0.011692047119141,0.000000001000000
4,800000,0.000000000000004,0.011599302291870,0.000000001000000
6,800000,0.000000000000001,0.015664339065552,0.000000001000000
8,800000,0.000000000000006,0.051061630249023,0.000000001000000
10,800000,0.000000000000003,0.039510250091553,0.000000001000000
12,800000,0.000000000000003,0.040228366851807,0.000000001000000
1,1000000,0.000000000000047,0.029670476913452,0.000000001000000
2,1000000,0.000000000000012,0.015186786651611,0.000000001000000
4,1000000,0.000000000000006,0.007637739181519,0.000000001000000
6,1000000,0.000000000000011,0.026982784271240,0.000000001000000
8,1000000,0.000000000000006,0.071566104888916,0.000000001000000
10,1000000,0.000000000000002,0.043327808380127,0.000000001000000
12,1000000,0.000000000000001,0.052476644515991,0.000000001000000
1,20,0.000000000197355,0.000016927719116,0.000000001000000
2,20,0.000000000197355,0.000033140182495,0.000000001000000
4,20,0.000000000197355,0.000056743621826,0.000000001000000
6,20,0.000000000197355,0.008013486862183,0.000000001000000
8,20,0.000000000197355,0.047368526458740,0.000000001000000
10,20,0.000000000197355,0.056459426879883,0.000000001000000
12,20,0.000000000197355,0.041387319564819,0.000000001000000
1,40,0.000000000003084,0.000016689300537,0.000000001000000
2,40,0.000000000003084,0.000049352645874,0.000000001000000
4,40,0.000000000003084,0.000941276550293,0.000000001000000
6,40,0.000000000003084,0.006776332855225,0.000000001000000
8,40,0.000000000003084,0.047260999679565,0.000000001000000
10,40,0.000000000003084,0.032405614852905,0.000000001000000
12,40,0.000000000003084,0.046711206436157,0.000000001000000
1,60,0.000000000000271,0.000016927719116,0.000000001000000
2,60,0.000000000000270,0.000091075897217,0.000000001000000
4,60,0.000000000000271,0.000066041946411,0.000000001000000
6,60,0.000000000000271,0.010581970214844,0.000000001000000
8,60,0.000000000000271,0.052462100982666,0.000000001000000
10,60,0.000000000000271,0.035937070846558,0.000000001000000
12,60,0.000000000000271,0.044598579406738,0.000000001000000
1,80,0.000000000000048,0.000017404556274,0.000000001000000
2,80,0.000000000000048,0.000036478042603,0.000000001000000
4,80,0.000000000000048,0.000031709671021,0.000000001000000
6,80,0.000000000000048,0.015293598175049,0.000000001000000
8,80,0.000000000000048,0.012633562088013,0.000000001000000
10,80,0.000000000000048,0.040423870086670,0.000000001000000
12,80,0.000000000000048,0.051961898803711,0.000000001000000
1,100,0.000000000000013,0.000024557113647,0.000000001000000
2,100,0.000000000000013,0.000050067901611,0.000000001000000
4,100,0.000000000000013,0.005022048950195,0.000000001000000
6,100,0.000000000000013,0.000287771224976,0.000000001000000
8,100,0.000000000000013,0.036043167114258,0.000000001000000
10,100,0.000000000000013,0.032448530197144,0.000000001000000
12,100,0.000000000000013,0.020145654678345,0.000000001000000
1,200,0.000000000000000,0.000014543533325,0.000000001000000
2,200,0.000000000000000,0.000031232833862,0.000000001000000
4,200,0.000000000000000,0.007816314697266,0.000000001000000
6,200,0.000000000000000,0.015733003616333,0.000000001000000
8,200,0.000000000000000,0.028147935867310,0.000000001000000
10,200,0.000000000000000,0.028327703475952,0.000000001000000
12,200,0.000000000000000,0.051877737045288,0.000000001000000
1,400,0.000000000000001,0.000017881393433,0.000000001000000
2,400,0.000000000000000,0.000027418136597,0.000000001000000
4,400,0.000000000000000,0.020125627517700,0.000000001000000
6,400,0.000000000000000,0.004535913467407,0.000000001000000
8,400,0.000000000000000,0.064030408859253,0.000000001000000
10,400,0.000000000000000,0.066315889358521,0.000000001000000
12,400,0.000000000000000,0.025213003158569,0.000000001000000
1,600,0.000000000000000,0.000017881393433,0.000000001000000
2,600,0.000000000000000,0.000027656555176,0.000000001000000
4,600,0.000000000000000,0.014252662658691,0.000000001000000
6,600,0.000000000000000,0.011974811553955,0.000000001000000
8,600,0.000000000000000,0.035036087036133,0.000000001000000
10,600,0.000000000000000,0.038225889205933,0.000000001000000
12,600,0.000000000000000,0.032116413116455,0.000000001000000
1,800,0.000000000000000,0.000022411346436,0.000000001000000
2,800,0.000000000000000,0.000036239624023,0.000000001000000
4,800,0.000000000000000,0.005933046340942,0.000000001000000
6,800,0.000000000000000,0.011826515197754,0.000000001000000
8,800,0.000000000000000,0.045700788497925,0.000000001000000
10,800,0.000000000000000,0.012587547302246,0.000000001000000
12,800,0.000000000000000,0.059770345687866,0.000000001000000
1,1000,0.000000000000001,0.000023603439331,0.000000001000000
2,1000,0.000000000000000,0.000025749206543,0.000000001000000
4,1000,0.000000000000001,0.006156444549561,0.000000001000000
6,1000,0.000000000000000,0.004240512847900,0.000000001000000
8,1000,0.000000000000000,0.029204130172729,0.000000001000000
10,1000,0.000000000000000,0.056636095046997,0.000000001000000
12,1000,0.000000000000000,0.048386812210083,0.000000001000000
1,2000,0.000000000000000,0.000039100646973,0.000000001000000
2,2000,0.000000000000001,0.000039100646973,0.000000001000000
4,2000,0.000000000000001,0.003921747207642,0.000000001000000
6,2000,0.000000000000000,0.004318237304688,0.000000001000000
8,2000,0.000000000000001,0.040703535079956,0.000000001000000
10,2000,0.000000000000000,0.028717756271362,0.000000001000000
12,2000,0.000000000000000,0.022706031799316,0.000000001000000
1,4000,0.000000000000002,0.000066041946411,0.000000001000000
2,4000,0.000000000000000,0.000048160552979,0.000000001000000
4,4000,0.000000000000000,0.019810676574707,0.000000001000000
6,4000,0.000000000000000,0.000409841537476,0.000000001000000
8,4000,0.000000000000001,0.028823375701904,0.000000001000000
10,4000,0.000000000000000,0.016679525375366,0.000000001000000
12,4000,0.000000000000000,0.027508258819580,0.000000001000000
1,6000,0.000000000000006,0.000097751617432,0.000000001000000
2,6000,0.000000000000002,0.000065326690674,0.000000001000000
4,6000,0.000000000000001,0.005682706832886,0.000000001000000
6,6000,0.000000000000000,0.000777721405029,0.000000001000000
8,6000,0.000000000000000,0.003441095352173,0.000000001000000
10,6000,0.000000000000000,0.039824962615967,0.000000001000000
12,6000,0.000000000000000,0.031924486160278,0.000000001000000
1,8000,0.000000000000004,0.000120639801025,0.000000001000000
2,8000,0.000000000000002,0.011316299438477,0.000000001000000
4,8000,0.000000000000001,0.014176607131958,0.000000001000000
6,8000,0.000000000000001,0.015872716903687,0.000000001000000
8,8000,0.000000000000000,0.032850742340088,0.000000001000000
10,8000,0.000000000000001,0.021831035614014,0.000000001000000
12,8000,0.000000000000001,0.063682794570923,0.000000001000000
1,10000,0.000000000000004,0.000150680541992,0.000000001000000
2,10000,0.000000000000001,0.000099182128906,0.000000001000000
4,10000,0.000000000000001,0.000052928924561,0.000000001000000
6,10000,0.000000000000000,0.012171506881714,0.000000001000000
8,10000,0.000000000000000,0.028182744979858,0.000000001000000
10,10000,0.000000000000000,0.044882297515869,0.000000001000000
12,10000,0.000000000000000,0.015166521072388,0.000000001000000
1,20000,0.000000000000006,0.000291109085083,0.000000001000000
2,20000,0.000000000000002,0.000172615051270,0.000000001000000
4,20000,0.000000000000003,0.000087499618530,0.000000001000000
6,20000,0.000000000000001,0.024422407150269,0.000000001000000
8,20000,0.000000000000001,0.060844659805298,0.000000001000000
10,20000,0.000000000000001,0.048843383789062,0.000000001000000
12,20000,0.000000000000001,0.022001743316650,0.000000001000000
1,40000,0.000000000000005,0.000567436218262,0.000000001000000
2,40000,0.000000000000001,0.000349521636963,0.000000001000000
4,40000,0.000000000000002,0.021858692169189,0.000000001000000
6,40000,0.000000000000002,0.004019260406494,0.000000001000000
8,40000,0.000000000000001,0.031913280487061,0.000000001000000
10,40000,0.000000000000000,0.023903369903564,0.000000001000000
12,40000,0.000000000000000,0.022051811218262,0.000000001000000
1,60000,0.000000000000002,0.000844240188599,0.000000001000000
2,60000,0.000000000000004,0.000436782836914,0.000000001000000
4,60000,0.000000000000000,0.023945331573486,0.000000001000000
6,60000,0.000000000000001,0.000375509262085,0.000000001000000
8,60000,0.000000000000001,0.040900707244873,0.000000001000000
10,60000,0.000000000000000,0.037548065185547,0.000000001000000
12,60000,0.000000000000001,0.035607337951660,0.000000001000000
1,80000,0.000000000000011,0.001159429550171,0.000000001000000
2,80000,0.000000000000008,0.000610828399658,0.000000001000000
4,80000,0.000000000000005,0.014056682586670,0.000000001000000
6,80000,0.000000000000001,0.012128353118896,0.000000001000000
8,80000,0.000000000000000,0.012086868286133,0.000000001000000
10,80000,0.000000000000001,0.032160997390747,0.000000001000000
12,80000,0.000000000000000,0.028915405273438,0.000000001000000
1,100000,0.000000000000004,0.001405954360962,0.000000001000000
2,100000,0.000000000000000,0.019949197769165,0.000000001000000
4,100000,0.000000000000002,0.006304979324341,0.000000001000000
6,100000,0.000000000000000,0.000476598739624,0.000000001000000
8,100000,0.000000000000001,0.025040864944458,0.000000001000000
10,100000,0.000000000000001,0.066555738449097,0.000000001000000
12,100000,0.000000000000000,0.032068014144897,0.000000001000000
1,200000,0.000000000000004,0.002849340438843,0.000000001000000
2,200000,0.000000000000005,0.001412630081177,0.000000001000000
4,200000,0.000000000000003,0.000720024108887,0.000000001000000
6,200000,0.000000000000003,0.012468576431274,0.000000001000000
8,200000,0.000000000000001,0.030537605285645,0.000000001000000
10,200000,0.000000000000000,0.045135498046875,0.000000001000000
12,200000,0.000000000000001,0.030923128128052,0.000000001000000
1,400000,0.000000000000016,0.006342172622681,0.000000001000000
2,400000,0.000000000000002,0.006594896316528,0.000000001000000
4,400000,0.000000000000003,0.001491069793701,0.000000001000000
6,400000,0.000000000000005,0.023898124694824,0.000000001000000
8,400000,0.000000000000003,0.037594318389893,0.000000001000000
10,400000,0.000000000000002,0.009071350097656,0.000000001000000
12,400000,0.000000000000000,0.040949821472168,0.000000001000000
1,600000,0.000000000000043,0.008713483810425,0.000000001000000
2,600000,0.000000000000011,0.005910158157349,0.000000001000000
4,600000,0.000000000000004,0.003333806991577,0.000000001000000
6,600000,0.000000000000005,0.009402036666870,0.000000001000000
8,600000,0.000000000000002,0.022499799728394,0.000000001000000
10,600000,0.000000000000001,0.029234409332275,0.000000001000000
12,600000,0.000000000000001,0.048403263092041,0.000000001000000
1,800000,0.000000000000003,0.012841463088989,0.000000001000000
2,800000,0.000000000000017,0.007614850997925,0.000000001000000
4,800000,0.000000000000004,0.002877235412598,0.000000001000000
6,800000,0.000000000000001,0.002108097076416,0.000000001000000
8,800000,0.000000000000006,0.057021379470825,0.000000001000000
10,800000,0.000000000000003,0.033245801925659,0.000000001000000
12,800000,0.000000000000003,0.044633388519287,0.000000001000000
1,1000000,0.000000000000047,0.020156621932983,0.000000001000000
2,1000000,0.000000000000012,0.009770870208740,0.000000001000000
4,1000000,0.000000000000006,0.018929958343506,0.000000001000000
6,1000000,0.000000000000011,0.005959033966064,0.000000001000000
8,1000000,0.000000000000006,0.024233579635620,0.000000001000000
10,1000000,0.000000000000002,0.030077457427979,0.000000001000000
12,1000000,0.000000000000001,0.020716667175293,0.000000001000000
1,20,0.000000000197355,0.000011682510376,0.000000001000000
2,20,0.000000000197355,0.019520998001099,0.000000001000000
4,20,0.000000000197355,0.011233806610107,0.000000001000000
6,20,0.000000000197355,0.031371831893921,0.000000001000000
8,20,0.000000000197355,0.049124479293823,0.000000001000000
10,20,0.000000000197355,0.020518302917480,0.000000001000000
12,20,0.000000000197355,0.034559249877930,0.000000001000000
1,40,0.000000000003084,0.000011444091797,0.000000001000000
2,40,0.000000000003084,0.000028610229492,0.000000001000000
4,40,0.000000000003084,0.000024557113647,0.000000001000000
6,40,0.000000000003084,0.002308845520020,0.000000001000000
8,40,0.000000000003084,0.016457557678223,0.000000001000000
10,40,0.000000000003084,0.026268482208252,0.000000001000000
12,40,0.000000000003084,0.025799274444580,0.000000001000000
1,60,0.000000000000271,0.000011920928955,0.000000001000000
2,60,0.000000000000270,0.000027894973755,0.000000001000000
4,60,0.000000000000271,0.000023603439331,0.000000001000000
6,60,0.000000000000271,0.023921728134155,0.000000001000000
8,60,0.000000000000271,0.052003860473633,0.000000001000000
10,60,0.000000000000271,0.011978149414062,0.000000001000000
12,60,0.000000000000271,0.045575380325317,0.000000001000000
1,80,0.000000000000048,0.000012397766113,0.000000001000000
2,80,0.000000000000048,0.000025033950806,0.000000001000000
4,80,0.000000000000048,0.013103246688843,0.000000001000000
6,80,0.000000000000048,0.015930652618408,0.000000001000000
8,80,0.000000000000048,0.045315980911255,0.000000001000000
10,80,0.000000000000048,0.058379411697388,0.000000001000000
12,80,0.000000000000048,0.027672529220581,0.000000001000000
1,100,0.000000000000013,0.000011682510376,0.000000001000000
2,100,0.000000000000013,0.000025510787964,0.000000001000000
4,100,0.000000000000013,0.006440639495850,0.000000001000000
6,100,0.000000000000013,0.012619733810425,0.000000001000000
8,100,0.000000000000013,0.069609642028809,0.000000001000000
10,100,0.000000000000013,0.040905952453613,0.000000001000000
12,100,0.000000000000013,0.027877330780029,0.000000001000000
1,200,0.000000000000000,0.000012636184692,0.000000001000000
2,200,0.000000000000000,0.000030279159546,0.000000001000000
4,200,0.000000000000000,0.007371902465820,0.000000001000000
6,200,0.000000000000000,0.000618934631348,0.000000001000000
8,200,0.000000000000000,0.033708333969116,0.000000001000000
10,200,0.000000000000000,0.032536983489990,0.000000001000000
12,200,0.000000000000000,0.037590026855469,0.000000001000000
1,400,0.000000000000001,0.000016927719116,0.000000001000000
2,400,0.000000000000000,0.000062704086304,0.000000001000000
4,400,0.000000000000000,0.010065317153931,0.000000001000000
6,400,0.000000000000000,0.007703781127930,0.000000001000000
8,400,0.000000000000000,0.043665885925293,0.000000001000000
10,400,0.000000000000000,0.043992757797241,0.000000001000000
12,400,0.000000000000000,0.020836353302002,0.000000001000000
1,600,0.000000000000000,0.000019073486328,0.000000001000000
2,600,0.000000000000000,0.000041484832764,0.000000001000000
4,600,0.000000000000000,0.000037670135498,0.000000001000000
6,600,0.000000000000000,0.023876667022705,0.000000001000000
8,600,0.000000000000000,0.039476394653320,0.000000001000000
10,600,0.000000000000000,0.041520118713379,0.000000001000000
12,600,0.000000000000000,0.017539262771606,0.000000001000000
1,800,0.000000000000000,0.000021934509277,0.000000001000000
2,800,0.000000000000000,0.000026226043701,0.000000001000000
4,800,0.000000000000000,0.014816284179688,0.000000001000000
6,800,0.000000000000000,0.016258478164673,0.000000001000000
8,800,0.000000000000000,0.053772449493408,0.000000001000000
10,800,0.000000000000000,0.042428731918335,0.000000001000000
12,800,0.000000000000000,0.049643278121948,0.000000001000000
1,1000,0.000000000000001,0.000024557113647,0.000000001000000
2,1000,0.000000000000000,0.000064134597778,0.000000001000000
4,1000,0.000000000000001,0.010208368301392,0.000000001000000
6,1000,0.000000000000000,0.008547067642212,0.000000001000000
8,1000,0.000000000000000,0.000253915786743,0.000000001000000
10,1000,0.000000000000000,0.029779911041260,0.000000001000000
12,1000,0.000000000000000,0.020945310592651,0.000000001000000
1,2000,0.000000000000000,0.000037670135498,0.000000001000000
2,2000,0.000000000000001,0.000038385391235,0.000000001000000
4,2000,0.000000000000001,0.019952774047852,0.000000001000000
6,2000,0.000000000000000,0.009835004806519,0.000000001000000
8,2000,0.000000000000001,0.054352045059204,0.000000001000000
10,2000,0.000000000000000,0.021111726760864,0.000000001000000
12,2000,0.000000000000000,0.037107467651367,0.000000001000000
1,4000,0.000000000000002,0.000068426132202,0.000000001000000
2,4000,0.000000000000000,0.000052452087402,0.000000001000000
4,4000,0.000000000000000,0.027374029159546,0.000000001000000
6,4000,0.000000000000000,0.012677431106567,0.000000001000000
8,4000,0.000000000000001,0.043369293212891,0.000000001000000
10,4000,0.000000000000000,0.021783828735352,0.000000001000000
12,4000,0.000000000000000,0.018229484558105,0.000000001000000
1,6000,0.000000000000006,0.000095367431641,0.000000001000000
2,6000,0.000000000000002,0.000065088272095,0.000000001000000
4,6000,0.000000000000001,0.012847661972046,0.000000001000000
6,6000,0.000000000000000,0.062254667282104,0.000000001000000
8,6000,0.000000000000000,0.045518398284912,0.000000001000000
10,6000,0.000000000000000,0.039093971252441,0.000000001000000
12,6000,0.000000000000000,0.038629770278931,0.000000001000000
1,8000,0.000000000000004,0.000121593475342,0.000000001000000
2,8000,0.000000000000002,0.000111341476440,0.000000001000000
4,8000,0.000000000000001,0.007868528366089,0.000000001000000
6,8000,0.000000000000001,0.023919343948364,0.000000001000000
8,8000,0.000000000000000,0.033392906188965,0.000000001000000
10,8000,0.000000000000001,0.039732456207275,0.000000001000000
12,8000,0.000000000000001,0.013323307037354,0.000000001000000
1,10000,0.000000000000004,0.000151872634888,0.000000001000000
2,10000,0.000000000000001,0.007942676544189,0.000000001000000
4,10000,0.000000000000001,0.008058786392212,0.000000001000000
6,10000,0.000000000000000,0.005645036697388,0.000000001000000
8,10000,0.000000000000000,0.063365936279297,0.000000001000000
10,10000,0.000000000000000,0.033085107803345,0.000000001000000
12,10000,0.000000000000000,0.039346933364868,0.000000001000000
1,20000,0.000000000000006,0.000290393829346,0.000000001000000
2,20000,0.000000000000002,0.000174283981323,0.000000001000000
4,20000,0.000000000000003,0.007912635803223,0.000000001000000
6,20000,0.000000000000001,0.011970043182373,0.000000001000000
8,20000,0.000000000000001,0.054758548736572,0.000000001000000
10,20000,0.000000000000001,0.053488731384277,0.000000001000000
12,20000,0.000000000000001,0.033760786056519,0.000000001000000
1,40000,0.000000000000005,0.000566005706787,0.000000001000000
2,40000,0.000000000000001,0.000304698944092,0.000000001000000
4,40000,0.000000000000002,0.000182628631592,0.000000001000000
6,40000,0.000000000000002,0.015916109085083,0.000000001000000
8,40000,0.000000000000001,0.055963754653931,0.000000001000000
10,40000,0.000000000000000,0.060078382492065,0.000000001000000
12,40000,0.000000000000000,0.041038274765015,0.000000001000000
1,60000,0.000000000000002,0.000849246978760,0.000000001000000
2,60000,0.000000000000004,0.000441074371338,0.000000001000000
4,60000,0.000000000000000,0.016112565994263,0.000000001000000
6,60000,0.000000000000001,0.006158113479614,0.000000001000000
8,60000,0.000000000000001,0.055378675460815,0.000000001000000
10,60000,0.000000000000000,0.043608903884888,0.000000001000000
12,60000,0.000000000000001,0.042255163192749,0.000000001000000
1,80000,0.000000000000011,0.001128196716309,0.000000001000000
2,80000,0.000000000000008,0.000664949417114,0.000000001000000
4,80000,0.000000000000005,0.008926630020142,0.000000001000000
6,80000,0.000000000000001,0.001571893692017,0.000000001000000
8,80000,0.000000000000000,0.029949665069580,0.000000001000000
10,80000,0.000000000000001,0.059175252914429,0.000000001000000
12,80000,0.000000000000000,0.008063077926636,0.000000001000000
1,100000,0.000000000000004,0.001430273056030,0.000000001000000
2,100000,0.000000000000000,0.000737667083740,0.000000001000000
4,100000,0.000000000000002,0.007885456085205,0.000000001000000
6,100000,0.000000000000000,0.001622676849365,0.000000001000000
8,100000,0.000000000000001,0.045478582382202,0.000000001000000
10,100000,0.000000000000001,0.038058757781982,0.000000001000000
12,100000,0.000000000000000,0.031810283660889,0.000000001000000
1,200000,0.000000000000004,0.002992153167725,0.000000001000000
2,200000,0.000000000000005,0.001509904861450,0.000000001000000
4,200000,0.000000000000003,0.019169569015503,0.000000001000000
6,200000,0.000000000000003,0.019925594329834,0.000000001000000
8,200000,0.000000000000001,0.014901161193848,0.000000001000000
10,200000,0.000000000000000,0.029068231582642,0.000000001000000
12,200000,0.000000000000001,0.028081893920898,0.000000001000000
1,400000,0.000000000000016,0.005805969238281,0.000000001000000
2,400000,0.000000000000002,0.003095149993896,0.000000001000000
4,400000,0.000000000000003,0.009418010711670,0.000000001000000
6,400000,0.000000000000005,0.023949384689331,0.000000001000000
8,400000,0.000000000000003,0.018060445785522,0.000000001000000
10,400000,0.000000000000002,0.012568950653076,0.000000001000000
12,400000,0.000000000000000,0.041747331619263,0.000000001000000
1,600000,0.000000000000043,0.008698701858521,0.000000001000000
2,600000,0.000000000000011,0.004227876663208,0.000000001000000
4,600000,0.000000000000004,0.012375593185425,0.000000001000000
6,600000,0.000000000000005,0.001800775527954,0.000000001000000
8,600000,0.000000000000002,0.034368038177490,0.000000001000000
10,600000,0.000000000000001,0.038242578506470,0.000000001000000
12,600000,0.000000000000001,0.027612447738647,0.000000001000000
1,800000,0.000000000000003,0.011296510696411,0.000000001000000
2,800000,0.000000000000017,0.005959033966064,0.000000001000000
4,800000,0.000000000000004,0.012941837310791,0.000000001000000
6,800000,0.000000000000001,0.023918867111206,0.000000001000000
8,800000,0.000000000000006,0.040737628936768,0.000000001000000
10,800000,0.000000000000003,0.053941726684570,0.000000001000000
12,800000,0.000000000000003,0.063825845718384,0.000000001000000
1,1000000,0.000000000000047,0.014695405960083,0.000000001000000
2,1000000,0.000000000000012,0.011485099792480,0.000000001000000
4,1000000,0.000000000000006,0.003555774688721,0.000000001000000
6,1000000,0.000000000000011,0.017176866531372,0.000000001000000
8,1000000,0.000000000000006,0.024121284484863,0.000000001000000
10,1000000,0.000000000000002,0.002826929092407,0.000000001000000
12,1000000,0.000000000000001,0.047291040420532,0.000000001000000
1,20,0.000000000197355,0.000010251998901,0.000000001000000
2,20,0.000000000197355,0.000017642974854,0.000000001000000
4,20,0.000000000197355,0.000634908676147,0.000000001000000
6,20,0.000000000197355,0.011764526367188,0.000000001000000
8,20,0.000000000197355,0.036641836166382,0.000000001000000
10,20,0.000000000197355,0.034969806671143,0.000000001000000
12,20,0.000000000197355,0.071583986282349,0.000000001000000
1,40,0.000000000003084,0.000012874603271,0.000000001000000
2,40,0.000000000003084,0.000020980834961,0.000000001000000
4,40,0.000000000003084,0.031893968582153,0.000000001000000
6,40,0.000000000003084,0.009555578231812,0.000000001000000
8,40,0.000000000003084,0.035777807235718,0.000000001000000
10,40,0.000000000003084,0.046191692352295,0.000000001000000
12,40,0.000000000003084,0.043313980102539,0.000000001000000
1,60,0.000000000000271,0.000013113021851,0.000000001000000
2,60,0.000000000000270,0.000032901763916,0.000000001000000
4,60,0.000000000000271,0.000018358230591,0.000000001000000
6,60,0.000000000000271,0.016782999038696,0.000000001000000
8,60,0.000000000000271,0.031409263610840,0.000000001000000
10,60,0.000000000000271,0.023714780807495,0.000000001000000
12,60,0.000000000000271,0.047901153564453,0.000000001000000
1,80,0.000000000000048,0.000010490417480,0.000000001000000
2,80,0.000000000000048,0.000021457672119,0.000000001000000
4,80,0.000000000000048,0.010147094726562,0.000000001000000
6,80,0.000000000000048,0.015945434570312,0.000000001000000
8,80,0.000000000000048,0.030244112014771,0.000000001000000
10,80,0.000000000000048,0.039971590042114,0.000000001000000
12,80,0.000000000000048,0.036304473876953,0.000000001000000
1,100,0.000000000000013,0.000011682510376,0.000000001000000
2,100,0.000000000000013,0.000025033950806,0.000000001000000
4,100,0.000000000000013,0.004128456115723,0.000000001000000
6,100,0.000000000000013,0.008045673370361,0.000000001000000
8,100,0.000000000000013,0.037652254104614,0.000000001000000
10,100,0.000000000000013,0.018398046493530,0.000000001000000
12,100,0.000000000000013,0.058796167373657,0.000000001000000
1,200,0.000000000000000,0.000012636184692,0.000000001000000
2,200,0.000000000000000,0.000024318695068,0.000000001000000
4,200,0.000000000000000,0.003292322158813,0.000000001000000
6,200,0.000000000000000,0.011941194534302,0.000000001000000
8,200,0.000000000000000,0.030303239822388,0.000000001000000
10,200,0.000000000000000,0.038486003875732,0.000000001000000
12,200,0.000000000000000,0.042770147323608,0.000000001000000
1,400,0.000000000000001,0.000016927719116,0.000000001000000
2,400,0.000000000000000,0.000028610229492,0.000000001000000
4,400,0.000000000000000,0.011913299560547,0.000000001000000
6,400,0.000000000000000,0.005480527877808,0.000000001000000
8,400,0.000000000000000,0.024603605270386,0.000000001000000
10,400,0.000000000000000,0.019919395446777,0.000000001000000
12,400,0.000000000000000,0.044138669967651,0.000000001000000
1,600,0.000000000000000,0.000020742416382,0.000000001000000
2,600,0.000000000000000,0.000025272369385,0.000000001000000
4,600,0.000000000000000,0.004893779754639,0.000000001000000
6,600,0.000000000000000,0.015657663345337,0.000000001000000
8,600,0.000000000000000,0.046471834182739,0.000000001000000
10,600,0.000000000000000,0.032541513442993,0.000000001000000
12,600,0.000000000000000,0.027125120162964,0.000000001000000
1,800,0.000000000000000,0.000021219253540,0.000000001000000
2,800,0.000000000000000,0.003898620605469,0.000000001000000
4,800,0.000000000000000,0.000025272369385,0.000000001000000
6,800,0.000000000000000,0.006324768066406,0.000000001000000
8,800,0.000000000000000,0.020231723785400,0.000000001000000
10,800,0.000000000000000,0.043413639068604,0.000000001000000
12,800,0.000000000000000,0.036068439483643,0.000000001000000
1,1000,0.000000000000001,0.000024080276489,0.000000001000000
2,1000,0.000000000000000,0.000032663345337,0.000000001000000
4,1000,0.000000000000001,0.012489557266235,0.000000001000000
6,1000,0.000000000000000,0.006237745285034,0.000000001000000
8,1000,0.000000000000000,0.027235269546509,0.000000001000000
10,1000,0.000000000000000,0.041126966476440,0.000000001000000
12,1000,0.000000000000000,0.045738458633423,0.000000001000000
1,2000,0.000000000000000,0.000039577484131,0.000000001000000
2,2000,0.000000000000001,0.000041007995605,0.000000001000000
4,2000,0.000000000000001,0.016304731369019,0.000000001000000
6,2000,0.000000000000000,0.004868745803833,0.000000001000000
8,2000,0.000000000000001,0.013979196548462,0.000000001000000
10,2000,0.000000000000000,0.040613889694214,0.000000001000000
12,2000,0.000000000000000,0.038038492202759,0.000000001000000
1,4000,0.000000000000002,0.000065565109253,0.000000001000000
2,4000,0.000000000000000,0.000066518783569,0.000000001000000
4,4000,0.000000000000000,0.003545045852661,0.000000001000000
6,4000,0.000000000000000,0.003065109252930,0.000000001000000
8,4000,0.000000000000001,0.038526058197021,0.000000001000000
10,4000,0.000000000000000,0.020416259765625,0.000000001000000
12,4000,0.000000000000000,0.081503629684448,0.000000001000000
1,6000,0.000000000000006,0.000094175338745,0.000000001000000
2,6000,0.000000000000002,0.000073194503784,0.000000001000000
4,6000,0.000000000000001,0.000037908554077,0.000000001000000
6,6000,0.000000000000000,0.027757644653320,0.000000001000000
8,6000,0.000000000000000,0.010806798934937,0.000000001000000
10,6000,0.000000000000000,0.034737825393677,0.000000001000000
12,6000,0.000000000000000,0.056826829910278,0.000000001000000
1,8000,0.000000000000004,0.000120878219604,0.000000001000000
2,8000,0.000000000000002,0.000087738037109,0.000000001000000
4,8000,0.000000000000001,0.009547948837280,0.000000001000000
6,8000,0.000000000000001,0.025808334350586,0.000000001000000
8,8000,0.000000000000000,0.022478818893433,0.000000001000000
10,8000,0.000000000000001,0.050421953201294,0.000000001000000
12,8000,0.000000000000001,0.039403200149536,0.000000001000000
1,10000,0.000000000000004,0.000170707702637,0.000000001000000
2,10000,0.000000000000001,0.000092267990112,0.000000001000000
4,10000,0.000000000000001,0.001970767974854,0.000000001000000
6,10000,0.000000000000000,0.033338308334351,0.000000001000000
8,10000,0.000000000000000,0.032765626907349,0.000000001000000
10,10000,0.000000000000000,0.057849168777466,0.000000001000000
12,10000,0.000000000000000,0.040833950042725,0.000000001000000
1,20000,0.000000000000006,0.000288486480713,0.000000001000000
2,20000,0.000000000000002,0.000167846679688,0.000000001000000
4,20000,0.000000000000003,0.035945177078247,0.000000001000000
6,20000,0.000000000000001,0.008924961090088,0.000000001000000
8,20000,0.000000000000001,0.043610572814941,0.000000001000000
10,20000,0.000000000000001,0.042815446853638,0.000000001000000
12,20000,0.000000000000001,0.046988010406494,0.000000001000000
1,40000,0.000000000000005,0.000647544860840,0.000000001000000
2,40000,0.000000000000001,0.000313758850098,0.000000001000000
4,40000,0.000000000000002,0.000237941741943,0.000000001000000
6,40000,0.000000000000002,0.001711845397949,0.000000001000000
8,40000,0.000000000000001,0.031416416168213,0.000000001000000
10,40000,0.000000000000000,0.035795688629150,0.000000001000000
12,40000,0.000000000000000,0.066232681274414,0.000000001000000
1,60000,0.000000000000002,0.000868320465088,0.000000001000000
2,60000,0.000000000000004,0.000502347946167,0.000000001000000
4,60000,0.000000000000000,0.000282526016235,0.000000001000000
6,60000,0.000000000000001,0.008085012435913,0.000000001000000
8,60000,0.000000000000001,0.034256219863892,0.000000001000000
10,60000,0.000000000000000,0.058186531066895,0.000000001000000
12,60000,0.000000000000001,0.050926446914673,0.000000001000000
1,80000,0.000000000000011,0.001140832901001,0.000000001000000
2,80000,0.000000000000008,0.000639915466309,0.000000001000000
4,80000,0.000000000000005,0.000302076339722,0.000000001000000
6,80000,0.000000000000001,0.008451700210571,0.000000001000000
8,80000,0.000000000000000,0.030411720275879,0.000000001000000
10,80000,0.000000000000001,0.039152145385742,0.000000001000000
12,80000,0.000000000000000,0.068910360336304,0.000000001000000
1,100000,0.000000000000004,0.001428604125977,0.000000001000000
2,100000,0.000000000000000,0.011601924896240,0.000000001000000
4,100000,0.000000000000002,0.007833719253540,0.000000001000000
6,100000,0.000000000000000,0.000759840011597,0.000000001000000
8,100000,0.000000000000001,0.038901090621948,0.000000001000000
10,100000,0.000000000000001,0.047953844070435,0.000000001000000
12,100000,0.000000000000000,0.051379680633545,0.000000001000000
1,200000,0.000000000000004,0.003004550933838,0.000000001000000
2,200000,0.000000000000005,0.001630544662476,0.000000001000000
4,200000,0.000000000000003,0.008406877517700,0.000000001000000
6,200000,0.000000000000003,0.000687599182129,0.000000001000000
8,200000,0.000000000000001,0.045078992843628,0.000000001000000
10,200000,0.000000000000000,0.046310186386108,0.000000001000000
12,200000,0.000000000000001,0.079749107360840,0.000000001000000
1,400000,0.000000000000016,0.006033182144165,0.000000001000000
2,400000,0.000000000000002,0.003441572189331,0.000000001000000
4,400000,0.000000000000003,0.020819902420044,0.000000001000000
6,400000,0.000000000000005,0.012986660003662,0.000000001000000
8,400000,0.000000000000003,0.043484687805176,0.000000001000000
10,400000,0.000000000000002,0.031137466430664,0.000000001000000
12,400000,0.000000000000000,0.031045436859131,0.000000001000000
1,600000,0.000000000000043,0.008598089218140,0.000000001000000
2,600000,0.000000000000011,0.004349470138550,0.000000001000000
4,600000,0.000000000000004,0.032025575637817,0.000000001000000
6,600000,0.000000000000005,0.001694679260254,0.000000001000000
8,600000,0.000000000000002,0.061694622039795,0.000000001000000
10,600000,0.000000000000001,0.041516065597534,0.000000001000000
12,600000,0.000000000000001,0.071793079376221,0.000000001000000
1,800000,0.000000000000003,0.011465549468994,0.000000001000000
2,800000,0.000000000000017,0.007907629013062,0.000000001000000
4,800000,0.000000000000004,0.022412538528442,0.000000001000000
6,800000,0.000000000000001,0.012198925018311,0.000000001000000
8,800000,0.000000000000006,0.038736104965210,0.000000001000000
10,800000,0.000000000000003,0.027944087982178,0.000000001000000
12,800000,0.000000000000003,0.051364183425903,0.000000001000000
1,1000000,0.000000000000047,0.014395236968994,0.000000001000000
2,1000000,0.000000000000012,0.018326997756958,0.000000001000000
4,1000000,0.000000000000006,0.003535509109497,0.000000001000000
6,1000000,0.000000000000011,0.007743120193481,0.000000001000000
8,1000000,0.000000000000006,0.040057420730591,0.000000001000000
10,1000000,0.000000000000002,0.069381952285767,0.000000001000000
12,1000000,0.000000000000001,0.055910825729370,0.000000001000000
1,20,0.000000000197355,0.000010967254639,0.000000001000000
2,20,0.000000000197355,0.000025987625122,0.000000001000000
4,20,0.000000000197355,0.009630441665649,0.000000001000000
6,20,0.000000000197355,0.008012056350708,0.000000001000000
8,20,0.000000000197355,0.055086851119995,0.000000001000000
10,20,0.000000000197355,0.028140783309937,0.000000001000000
12,20,0.000000000197355,0.061030387878418,0.000000001000000
1,40,0.000000000003084,0.000010967254639,0.000000001000000
2,40,0.000000000003084,0.000046491622925,0.000000001000000
4,40,0.000000000003084,0.020224571228027,0.000000001000000
6,40,0.000000000003084,0.019833087921143,0.000000001000000
8,40,0.000000000003084,0.043928384780884,0.000000001000000
10,40,0.000000000003084,0.036111116409302,0.000000001000000
12,40,0.000000000003084,0.050991296768188,0.000000001000000
1,60,0.000000000000271,0.000010967254639,0.000000001000000
2,60,0.000000000000270,0.000035524368286,0.000000001000000
4,60,0.000000000000271,0.006626129150391,0.000000001000000
6,60,0.000000000000271,0.006988048553467,0.000000001000000
8,60,0.000000000000271,0.036070346832275,0.000000001000000
10,60,0.000000000000271,0.035459041595459,0.000000001000000
12,60,0.000000000000271,0.044043064117432,0.000000001000000
1,80,0.000000000000048,0.000011920928955,0.000000001000000
2,80,0.000000000000048,0.000020980834961,0.000000001000000
4,80,0.000000000000048,0.000021219253540,0.000000001000000
6,80,0.000000000000048,0.000291585922241,0.000000001000000
8,80,0.000000000000048,0.050324916839600,0.000000001000000
10,80,0.000000000000048,0.055595874786377,0.000000001000000
12,80,0.000000000000048,0.026638031005859,0.000000001000000
1,100,0.000000000000013,0.000011444091797,0.000000001000000
2,100,0.000000000000013,0.000025272369385,0.000000001000000
4,100,0.000000000000013,0.044718265533447,0.000000001000000
6,100,0.000000000000013,0.011095523834229,0.000000001000000
8,100,0.000000000000013,0.053169727325439,0.000000001000000
10,100,0.000000000000013,0.020350933074951,0.000000001000000
12,100,0.000000000000013,0.057048797607422,0.000000001000000
1,200,0.000000000000000,0.000012874603271,0.000000001000000
2,200,0.000000000000000,0.024917602539062,0.000000001000000
4,200,0.000000000000000,0.003936052322388,0.000000001000000
6,200,0.000000000000000,0.014156818389893,0.000000001000000
8,200,0.000000000000000,0.039852142333984,0.000000001000000
10,200,0.000000000000000,0.023981571197510,0.000000001000000
12,200,0.000000000000000,0.039582729339600,0.000000001000000
1,400,0.000000000000001,0.000016212463379,0.000000001000000
2,400,0.000000000000000,0.019909143447876,0.000000001000000
4,400,0.000000000000000,0.007906913757324,0.000000001000000
6,400,0.000000000000000,0.032930612564087,0.000000001000000
8,400,0.000000000000000,0.049362659454346,0.000000001000000
10,400,0.000000000000000,0.053291320800781,0.000000001000000
12,400,0.000000000000000,0.081906557083130,0.000000001000000
1,600,0.000000000000000,0.000017642974854,0.000000001000000
2,600,0.000000000000000,0.000031471252441,0.000000001000000
4,600,0.000000000000000,0.009718894958496,0.000000001000000
6,600,0.000000000000000,0.017537832260132,0.000000001000000
8,600,0.000000000000000,0.056209087371826,0.000000001000000
10,600,0.000000000000000,0.003410100936890,0.000000001000000
12,600,0.000000000000000,0.068338394165039,0.000000001000000
1,800,0.000000000000000,0.000019788742065,0.000000001000000
2,800,0.000000000000000,0.001371383666992,0.000000001000000
4,800,0.000000000000000,0.019174337387085,0.000000001000000
6,800,0.000000000000000,0.021838188171387,0.000000001000000
8,800,0.000000000000000,0.078827142715454,0.000000001000000
10,800,0.000000000000000,0.021102428436279,0.000000001000000
12,800,0.000000000000000,0.120041131973267,0.000000001000000
1,1000,0.000000000000001,0.000022888183594,0.000000001000000
2,1000,0.000000000000000,0.000032901763916,0.000000001000000
4,1000,0.000000000000001,0.015164136886597,0.000000001000000
6,1000,0.000000000000000,0.010180711746216,0.000000001000000
8,1000,0.000000000000000,0.049027919769287,0.000000001000000
10,1000,0.000000000000000,0.059911251068115,0.000000001000000
12,1000,0.000000000000000,0.052314281463623,0.000000001000000
1,2000,0.000000000000000,0.000037908554077,0.000000001000000
2,2000,0.000000000000001,0.000038623809814,0.000000001000000
4,2000,0.000000000000001,0.003184556961060,0.000000001000000
6,2000,0.000000000000000,0.014063596725464,0.000000001000000
8,2000,0.000000000000001,0.059476852416992,0.000000001000000
10,2000,0.000000000000000,0.032673597335815,0.000000001000000
12,2000,0.000000000000000,0.096535444259644,0.000000001000000
1,4000,0.000000000000002,0.000064611434937,0.000000001000000
2,4000,0.000000000000000,0.000046730041504,0.000000001000000
4,4000,0.000000000000000,0.003901243209839,0.000000001000000
6,4000,0.000000000000000,0.007438421249390,0.000000001000000
8,4000,0.000000000000001,0.082823514938354,0.000000001000000
10,4000,0.000000000000000,0.080095291137695,0.000000001000000
12,4000,0.000000000000000,0.043962955474854,0.000000001000000
1,6000,0.000000000000006,0.000119447708130,0.000000001000000
2,6000,0.000000000000002,0.000063419342041,0.000000001000000
4,6000,0.000000000000001,0.011881351470947,0.000000001000000
6,6000,0.000000000000000,0.039981842041016,0.000000001000000
8,6000,0.000000000000000,0.095937967300415,0.000000001000000
10,6000,0.000000000000000,0.046437978744507,0.000000001000000
12,6000,0.000000000000000,0.019886493682861,0.000000001000000
1,8000,0.000000000000004,0.000120878219604,0.000000001000000
2,8000,0.000000000000002,0.000087261199951,0.000000001000000
4,8000,0.000000000000001,0.004700899124146,0.000000001000000
6,8000,0.000000000000001,0.024132013320923,0.000000001000000
8,8000,0.000000000000000,0.040466070175171,0.000000001000000
10,8000,0.000000000000001,0.078403949737549,0.000000001000000
12,8000,0.000000000000001,0.077193260192871,0.000000001000000
1,10000,0.000000000000004,0.000149011611938,0.000000001000000
2,10000,0.000000000000001,0.000102281570435,0.000000001000000
4,10000,0.000000000000001,0.013901710510254,0.000000001000000
6,10000,0.000000000000000,0.032211542129517,0.000000001000000
8,10000,0.000000000000000,0.060408592224121,0.000000001000000
10,10000,0.000000000000000,0.041605234146118,0.000000001000000
12,10000,0.000000000000000,0.069528341293335,0.000000001000000
1,20000,0.000000000000006,0.000306129455566,0.000000001000000
2,20000,0.000000000000002,0.000168561935425,0.000000001000000
4,20000,0.000000000000003,0.005591869354248,0.000000001000000
6,20000,0.000000000000001,0.023604631423950,0.000000001000000
8,20000,0.000000000000001,0.052197694778442,0.000000001000000
10,20000,0.000000000000001,0.032091856002808,0.000000001000000
12,20000,0.000000000000001,0.068809986114502,0.000000001000000
1,40000,0.000000000000005,0.000574827194214,0.000000001000000
2,40000,0.000000000000001,0.000310182571411,0.000000001000000
4,40000,0.000000000000002,0.001580715179443,0.000000001000000
6,40000,0.000000000000002,0.023942470550537,0.000000001000000
8,40000,0.000000000000001,0.030907392501831,0.000000001000000
10,40000,0.000000000000000,0.056433677673340,0.000000001000000
12,40000,0.000000000000000,0.065260171890259,0.000000001000000
1,60000,0.000000000000002,0.000844717025757,0.000000001000000
2,60000,0.000000000000004,0.000446796417236,0.000000001000000
4,60000,0.000000000000000,0.019849300384521,0.000000001000000
6,60000,0.000000000000001,0.039175987243652,0.000000001000000
8,60000,0.000000000000001,0.046781063079834,0.000000001000000
10,60000,0.000000000000000,0.063155412673950,0.000000001000000
12,60000,0.000000000000001,0.032858848571777,0.000000001000000
1,80000,0.000000000000011,0.001123666763306,0.000000001000000
2,80000,0.000000000000008,0.000619173049927,0.000000001000000
4,80000,0.000000000000005,0.019096374511719,0.000000001000000
6,80000,0.000000000000001,0.037759065628052,0.000000001000000
8,80000,0.000000000000000,0.080891609191895,0.000000001000000
10,80000,0.000000000000001,0.065746068954468,0.000000001000000
12,80000,0.000000000000000,0.086866855621338,0.000000001000000
1,100000,0.000000000000004,0.001402378082275,0.000000001000000
2,100000,0.000000000000000,0.000746488571167,0.000000001000000
4,100000,0.000000000000002,0.004773378372192,0.000000001000000
6,100000,0.000000000000000,0.023956298828125,0.000000001000000
8,100000,0.000000000000001,0.079595088958740,0.000000001000000
10,100000,0.000000000000001,0.076443195343018,0.000000001000000
12,100000,0.000000000000000,0.078586339950562,0.000000001000000
1,200000,0.000000000000004,0.002809524536133,0.000000001000000
2,200000,0.000000000000005,0.001511096954346,0.000000001000000
4,200000,0.000000000000003,0.008665561676025,0.000000001000000
6,200000,0.000000000000003,0.040453433990479,0.000000001000000
8,200000,0.000000000000001,0.060643911361694,0.000000001000000
10,200000,0.000000000000000,0.028587579727173,0.000000001000000
12,200000,0.000000000000001,0.087368249893188,0.000000001000000
1,400000,0.000000000000016,0.005679130554199,0.000000001000000
2,400000,0.000000000000002,0.006953954696655,0.000000001000000
4,400000,0.000000000000003,0.023932456970215,0.000000001000000
6,400000,0.000000000000005,0.028200387954712,0.000000001000000
8,400000,0.000000000000003,0.047254323959351,0.000000001000000
10,400000,0.000000000000002,0.070017576217651,0.000000001000000
12,400000,0.000000000000000,0.085476636886597,0.000000001000000
1,600000,0.000000000000043,0.009509086608887,0.000000001000000
2,600000,0.000000000000011,0.004729509353638,0.000000001000000
4,600000,0.000000000000004,0.008014678955078,0.000000001000000
6,600000,0.000000000000005,0.039995193481445,0.000000001000000
8,600000,0.000000000000002,0.038418769836426,0.000000001000000
10,600000,0.000000000000001,0.078006744384766,0.000000001000000
12,600000,0.000000000000001,0.069533586502075,0.000000001000000
1,800000,0.000000000000003,0.011389970779419,0.000000001000000
2,800000,0.000000000000017,0.006061792373657,0.000000001000000
4,800000,0.000000000000004,0.020720481872559,0.000000001000000
6,800000,0.000000000000001,0.028418540954590,0.000000001000000
8,800000,0.000000000000006,0.063316822052002,0.000000001000000
10,800000,0.000000000000003,0.096208572387695,0.000000001000000
12,800000,0.000000000000003,0.075744628906250,0.000000001000000
1,1000000,0.000000000000047,0.014259099960327,0.000000001000000
2,1000000,0.000000000000012,0.008702278137207,0.000000001000000
4,1000000,0.000000000000006,0.009120702743530,0.000000001000000
6,1000000,0.000000000000011,0.011838674545288,0.000000001000000
8,1000000,0.000000000000006,0.031450510025024,0.000000001000000
10,1000000,0.000000000000002,0.052527666091919,0.000000001000000
12,1000000,0.000000000000001,0.074414491653442,0.000000001000000
1,20,0.000000000197355,0.000010251998901,0.000000001000000
2,20,0.000000000197355,0.000024557113647,0.000000001000000
4,20,0.000000000197355,0.018668651580811,0.000000001000000
6,20,0.000000000197355,0.011670112609863,0.000000001000000
8,20,0.000000000197355,0.043742179870605,0.000000001000000
10,20,0.000000000197355,0.048282146453857,0.000000001000000
12,20,0.000000000197355,0.081089496612549,0.000000001000000
1,40,0.000000000003084,0.000010251998901,0.000000001000000
2,40,0.000000000003084,0.007812023162842,0.000000001000000
4,40,0.000000000003084,0.000019550323486,0.000000001000000
6,40,0.000000000003084,0.014850378036499,0.000000001000000
8,40,0.000000000003084,0.091930150985718,0.000000001000000
10,40,0.000000000003084,0.045855045318604,0.000000001000000
12,40,0.000000000003084,0.065377712249756,0.000000001000000
1,60,0.000000000000271,0.000010013580322,0.000000001000000
2,60,0.000000000000270,0.000020027160645,0.000000001000000
4,60,0.000000000000271,0.019006729125977,0.000000001000000
6,60,0.000000000000271,0.007967948913574,0.000000001000000
8,60,0.000000000000271,0.019270896911621,0.000000001000000
10,60,0.000000000000271,0.051977872848511,0.000000001000000
12,60,0.000000000000271,0.053216934204102,0.000000001000000
1,80,0.000000000000048,0.000011682510376,0.000000001000000
2,80,0.000000000000048,0.000026702880859,0.000000001000000
4,80,0.000000000000048,0.000016927719116,0.000000001000000
6,80,0.000000000000048,0.024399280548096,0.000000001000000
8,80,0.000000000000048,0.060859203338623,0.000000001000000
10,80,0.000000000000048,0.093790769577026,0.000000001000000
12,80,0.000000000000048,0.061385631561279,0.000000001000000
1,100,0.000000000000013,0.000011920928955,0.000000001000000
2,100,0.000000000000013,0.000026226043701,0.000000001000000
4,100,0.000000000000013,0.000030755996704,0.000000001000000
6,100,0.000000000000013,0.015690088272095,0.000000001000000
8,100,0.000000000000013,0.097847700119019,0.000000001000000
10,100,0.000000000000013,0.020720720291138,0.000000001000000
12,100,0.000000000000013,0.062922239303589,0.000000001000000
1,200,0.000000000000000,0.000012874603271,0.000000001000000
2,200,0.000000000000000,0.008382558822632,0.000000001000000
4,200,0.000000000000000,0.030160665512085,0.000000001000000
6,200,0.000000000000000,0.002554416656494,0.000000001000000
8,200,0.000000000000000,0.075844287872314,0.000000001000000
10,200,0.000000000000000,0.055233955383301,0.000000001000000
12,200,0.000000000000000,0.069852828979492,0.000000001000000
1,400,0.000000000000001,0.000018596649170,0.000000001000000
2,400,0.000000000000000,0.000027418136597,0.000000001000000
4,400,0.000000000000000,0.023938417434692,0.000000001000000
6,400,0.000000000000000,0.023366928100586,0.000000001000000
8,400,0.000000000000000,0.025246858596802,0.000000001000000
10,400,0.000000000000000,0.029589414596558,0.000000001000000
12,400,0.000000000000000,0.033556938171387,0.000000001000000
1,600,0.000000000000000,0.000020503997803,0.000000001000000
2,600,0.000000000000000,0.000032663345337,0.000000001000000
4,600,0.000000000000000,0.000024318695068,0.000000001000000
6,600,0.000000000000000,0.000221252441406,0.000000001000000
8,600,0.000000000000000,0.049138069152832,0.000000001000000
10,600,0.000000000000000,0.067918539047241,0.000000001000000
12,600,0.000000000000000,0.062051773071289,0.000000001000000
1,800,0.000000000000000,0.000021696090698,0.000000001000000
2,800,0.000000000000000,0.000045061111450,0.000000001000000
4,800,0.000000000000000,0.011460065841675,0.000000001000000
6,800,0.000000000000000,0.007990598678589,0.000000001000000
8,800,0.000000000000000,0.061512947082520,0.000000001000000
10,800,0.000000000000000,0.029172658920288,0.000000001000000
12,800,0.000000000000000,0.038956642150879,0.000000001000000
1,1000,0.000000000000001,0.000024080276489,0.000000001000000
2,1000,0.000000000000000,0.000029325485229,0.000000001000000
4,1000,0.000000000000001,0.018787622451782,0.000000001000000
6,1000,0.000000000000000,0.015963315963745,0.000000001000000
8,1000,0.000000000000000,0.048374652862549,0.000000001000000
10,1000,0.000000000000000,0.123181581497192,0.000000001000000
12,1000,0.000000000000000,0.139918804168701,0.000000001000000
1,2000,0.000000000000000,0.000037193298340,0.000000001000000
2,2000,0.000000000000001,0.000044345855713,0.000000001000000
4,2000,0.000000000000001,0.021021127700806,0.000000001000000
6,2000,0.000000000000000,0.008008480072021,0.000000001000000
8,2000,0.000000000000001,0.057111740112305,0.000000001000000
10,2000,0.000000000000000,0.037615299224854,0.000000001000000
12,2000,0.000000000000000,0.084806680679321,0.000000001000000
1,4000,0.000000000000002,0.000066041946411,0.000000001000000
2,4000,0.000000000000000,0.014578580856323,0.000000001000000
4,4000,0.000000000000000,0.016753196716309,0.000000001000000
6,4000,0.000000000000000,0.006369352340698,0.000000001000000
8,4000,0.000000000000001,0.075946331024170,0.000000001000000
10,4000,0.000000000000000,0.034283638000488,0.000000001000000
12,4000,0.000000000000000,0.066222429275513,0.000000001000000
1,6000,0.000000000000006,0.000093698501587,0.000000001000000
2,6000,0.000000000000002,0.000060796737671,0.000000001000000
4,6000,0.000000000000001,0.000599384307861,0.000000001000000
6,6000,0.000000000000000,0.009973287582397,0.000000001000000
8,6000,0.000000000000000,0.122282266616821,0.000000001000000
10,6000,0.000000000000000,0.061877250671387,0.000000001000000
12,6000,0.000000000000000,0.065472126007080,0.000000001000000
1,8000,0.000000000000004,0.000121116638184,0.000000001000000
2,8000,0.000000000000002,0.000079631805420,0.000000001000000
4,8000,0.000000000000001,0.000047922134399,0.000000001000000
6,8000,0.000000000000001,0.018411397933960,0.000000001000000
8,8000,0.000000000000000,0.075128793716431,0.000000001000000
10,8000,0.000000000000001,0.159935235977173,0.000000001000000
12,8000,0.000000000000001,0.098019599914551,0.000000001000000
1,10000,0.000000000000004,0.000149488449097,0.000000001000000
2,10000,0.000000000000001,0.000092506408691,0.000000001000000
4,10000,0.000000000000001,0.000054597854614,0.000000001000000
6,10000,0.000000000000000,0.011278867721558,0.000000001000000
8,10000,0.000000000000000,0.050743818283081,0.000000001000000
10,10000,0.000000000000000,0.047745943069458,0.000000001000000
12,10000,0.000000000000000,0.147849559783936,0.000000001000000
1,20000,0.000000000000006,0.000319480895996,0.000000001000000
2,20000,0.000000000000002,0.041157960891724,0.000000001000000
4,20000,0.000000000000003,0.000088691711426,0.000000001000000
6,20000,0.000000000000001,0.023970365524292,0.000000001000000
8,20000,0.000000000000001,0.151954412460327,0.000000001000000
10,20000,0.000000000000001,0.156152009963989,0.000000001000000
12,20000,0.000000000000001,0.073940515518188,0.000000001000000
1,40000,0.000000000000005,0.000586748123169,0.000000001000000
2,40000,0.000000000000001,0.000303268432617,0.000000001000000
4,40000,0.000000000000002,0.019968271255493,0.000000001000000
6,40000,0.000000000000002,0.031232595443726,0.000000001000000
8,40000,0.000000000000001,0.052416563034058,0.000000001000000
10,40000,0.000000000000000,0.038272857666016,0.000000001000000
12,40000,0.000000000000000,0.047895908355713,0.000000001000000
1,60000,0.000000000000002,0.000844717025757,0.000000001000000
2,60000,0.000000000000004,0.000438928604126,0.000000001000000
4,60000,0.000000000000000,0.075914382934570,0.000000001000000
6,60000,0.000000000000001,0.020701169967651,0.000000001000000
8,60000,0.000000000000001,0.098122119903564,0.000000001000000
10,60000,0.000000000000000,0.037386417388916,0.000000001000000
12,60000,0.000000000000001,0.114542484283447,0.000000001000000
1,80000,0.000000000000011,0.001558780670166,0.000000001000000
2,80000,0.000000000000008,0.000578880310059,0.000000001000000
4,80000,0.000000000000005,0.007740020751953,0.000000001000000
6,80000,0.000000000000001,0.004809856414795,0.000000001000000
8,80000,0.000000000000000,0.162371873855591,0.000000001000000
10,80000,0.000000000000001,0.074335336685181,0.000000001000000
12,80000,0.000000000000000,0.055620193481445,0.000000001000000
1,100000,0.000000000000004,0.001428127288818,0.000000001000000
2,100000,0.000000000000000,0.008033752441406,0.000000001000000
4,100000,0.000000000000002,0.004549980163574,0.000000001000000
6,100000,0.000000000000000,0.008381366729736,0.000000001000000
8,100000,0.000000000000001,0.111350774765015,0.000000001000000
10,100000,0.000000000000001,0.091956615447998,0.000000001000000
12,100000,0.000000000000000,0.097758531570435,0.000000001000000
1,200000,0.000000000000004,0.002913236618042,0.000000001000000
2,200000,0.000000000000005,0.009672880172729,0.000000001000000
4,200000,0.000000000000003,0.019140005111694,0.000000001000000
6,200000,0.000000000000003,0.019979715347290,0.000000001000000
8,200000,0.000000000000001,0.062984704971313,0.000000001000000
10,200000,0.000000000000000,0.068093538284302,0.000000001000000
12,200000,0.000000000000001,0.102711200714111,0.000000001000000
1,400000,0.000000000000016,0.010090351104736,0.000000001000000
2,400000,0.000000000000002,0.002964258193970,0.000000001000000
4,400000,0.000000000000003,0.012628793716431,0.000000001000000
6,400000,0.000000000000005,0.022075891494751,0.000000001000000
8,400000,0.000000000000003,0.056353569030762,0.000000001000000
10,400000,0.000000000000002,0.045696020126343,0.000000001000000
12,400000,0.000000000000000,0.082390308380127,0.000000001000000
1,600000,0.000000000000043,0.014147996902466,0.000000001000000
2,600000,0.000000000000011,0.018818378448486,0.000000001000000
4,600000,0.000000000000004,0.016699314117432,0.000000001000000
6,600000,0.000000000000005,0.039920568466187,0.000000001000000
8,600000,0.000000000000002,0.098488807678223,0.000000001000000
10,600000,0.000000000000001,0.098645687103271,0.000000001000000
12,600000,0.000000000000001,0.051085472106934,0.000000001000000
1,800000,0.000000000000003,0.025362253189087,0.000000001000000
2,800000,0.000000000000017,0.014940500259399,0.000000001000000
4,800000,0.000000000000004,0.011548519134521,0.000000001000000
6,800000,0.000000000000001,0.028010368347168,0.000000001000000
8,800000,0.000000000000006,0.028782129287720,0.000000001000000
10,800000,0.000000000000003,0.066466331481934,0.000000001000000
12,800000,0.000000000000003,0.062242031097412,0.000000001000000
1,1000000,0.000000000000047,0.018535852432251,0.000000001000000
2,1000000,0.000000000000012,0.009856462478638,0.000000001000000
4,1000000,0.000000000000006,0.008481025695801,0.000000001000000
6,1000000,0.000000000000011,0.043514251708984,0.000000001000000
8,1000000,0.000000000000006,0.092545032501221,0.000000001000000
10,1000000,0.000000000000002,0.116738796234131,0.000000001000000
12,1000000,0.000000000000001,0.137094974517822,0.000000001000000
1,20,0.000000000197355,0.000010251998901,0.000000001000000
2,20,0.000000000197355,0.000041246414185,0.000000001000000
4,20,0.000000000197355,0.000023841857910,0.000000001000000
6,20,0.000000000197355,0.027938842773438,0.000000001000000
8,20,0.000000000197355,0.012492656707764,0.000000001000000
10,20,0.000000000197355,0.118903398513794,0.000000001000000
12,20,0.000000000197355,0.105905055999756,0.000000001000000
1,40,0.000000000003084,0.000010728836060,0.000000001000000
2,40,0.000000000003084,0.004018068313599,0.000000001000000
4,40,0.000000000003084,0.011540174484253,0.000000001000000
6,40,0.000000000003084,0.035643100738525,0.000000001000000
8,40,0.000000000003084,0.062221288681030,0.000000001000000
10,40,0.000000000003084,0.067793607711792,0.000000001000000
12,40,0.000000000003084,0.084107160568237,0.000000001000000
1,60,0.000000000000271,0.000010728836060,0.000000001000000
2,60,0.000000000000270,0.000027179718018,0.000000001000000
4,60,0.000000000000271,0.011922836303711,0.000000001000000
6,60,0.000000000000271,0.019970655441284,0.000000001000000
8,60,0.000000000000271,0.115986347198486,0.000000001000000
10,60,0.000000000000271,0.074296236038208,0.000000001000000
12,60,0.000000000000271,0.075925588607788,0.000000001000000
1,80,0.000000000000048,0.000012397766113,0.000000001000000
2,80,0.000000000000048,0.000028133392334,0.000000001000000
4,80,0.000000000000048,0.004010200500488,0.000000001000000
6,80,0.000000000000048,0.026955604553223,0.000000001000000
8,80,0.000000000000048,0.063742160797119,0.000000001000000
10,80,0.000000000000048,0.137465238571167,0.000000001000000
12,80,0.000000000000048,0.023536205291748,0.000000001000000
1,100,0.000000000000013,0.000012397766113,0.000000001000000
2,100,0.000000000000013,0.000028610229492,0.000000001000000
4,100,0.000000000000013,0.035404443740845,0.000000001000000
6,100,0.000000000000013,0.000879764556885,0.000000001000000
8,100,0.000000000000013,0.079974412918091,0.000000001000000
10,100,0.000000000000013,0.110349893569946,0.000000001000000
12,100,0.000000000000013,0.135943412780762,0.000000001000000
1,200,0.000000000000000,0.000011682510376,0.000000001000000
2,200,0.000000000000000,0.000024795532227,0.000000001000000
4,200,0.000000000000000,0.022084474563599,0.000000001000000
6,200,0.000000000000000,0.017900228500366,0.000000001000000
8,200,0.000000000000000,0.087377309799194,0.000000001000000
10,200,0.000000000000000,0.023936510086060,0.000000001000000
12,200,0.000000000000000,0.039422035217285,0.000000001000000
1,400,0.000000000000001,0.000015258789062,0.000000001000000
2,400,0.000000000000000,0.001916646957397,0.000000001000000
4,400,0.000000000000000,0.031582117080688,0.000000001000000
6,400,0.000000000000000,0.083528995513916,0.000000001000000
8,400,0.000000000000000,0.128968477249146,0.000000001000000
10,400,0.000000000000000,0.063830852508545,0.000000001000000
12,400,0.000000000000000,0.035249710083008,0.000000001000000
1,600,0.000000000000000,0.000018358230591,0.000000001000000
2,600,0.000000000000000,0.000036239624023,0.000000001000000
4,600,0.000000000000000,0.024904727935791,0.000000001000000
6,600,0.000000000000000,0.020326852798462,0.000000001000000
8,600,0.000000000000000,0.040563821792603,0.000000001000000
10,600,0.000000000000000,0.047500610351562,0.000000001000000
12,600,0.000000000000000,0.052205324172974,0.000000001000000
1,800,0.000000000000000,0.000022411346436,0.000000001000000
2,800,0.000000000000000,0.000037431716919,0.000000001000000
4,800,0.000000000000000,0.036015510559082,0.000000001000000
6,800,0.000000000000000,0.019365549087524,0.000000001000000
8,800,0.000000000000000,0.071921348571777,0.000000001000000
10,800,0.000000000000000,0.107940912246704,0.000000001000000
12,800,0.000000000000000,0.091474533081055,0.000000001000000
1,1000,0.000000000000001,0.000022172927856,0.000000001000000
2,1000,0.000000000000000,0.000029087066650,0.000000001000000
4,1000,0.000000000000001,0.000025510787964,0.000000001000000
6,1000,0.000000000000000,0.011574506759644,0.000000001000000
8,1000,0.000000000000000,0.071846008300781,0.000000001000000
10,1000,0.000000000000000,0.055492877960205,0.000000001000000
12,1000,0.000000000000000,0.037037372589111,0.000000001000000
1,2000,0.000000000000000,0.000038385391235,0.000000001000000
2,2000,0.000000000000001,0.000040054321289,0.000000001000000
4,2000,0.000000000000001,0.007914066314697,0.000000001000000
6,2000,0.000000000000000,0.013730525970459,0.000000001000000
8,2000,0.000000000000001,0.056819915771484,0.000000001000000
10,2000,0.000000000000000,0.042342662811279,0.000000001000000
12,2000,0.000000000000000,0.032676458358765,0.000000001000000
1,4000,0.000000000000002,0.000065803527832,0.000000001000000
2,4000,0.000000000000000,0.000051498413086,0.000000001000000
4,4000,0.000000000000000,0.031923770904541,0.000000001000000
6,4000,0.000000000000000,0.011504173278809,0.000000001000000
8,4000,0.000000000000001,0.027958631515503,0.000000001000000
10,4000,0.000000000000000,0.106009721755981,0.000000001000000
12,4000,0.000000000000000,0.030299425125122,0.000000001000000
1,6000,0.000000000000006,0.000093221664429,0.000000001000000
2,6000,0.000000000000002,0.007973194122314,0.000000001000000
4,6000,0.000000000000001,0.082363367080688,0.000000001000000
6,6000,0.000000000000000,0.011685132980347,0.000000001000000
8,6000,0.000000000000000,0.128044128417969,0.000000001000000
10,6000,0.000000000000000,0.125515222549438,0.000000001000000
12,6000,0.000000000000000,0.058417081832886,0.000000001000000
1,8000,0.000000000000004,0.000122308731079,0.000000001000000
2,8000,0.000000000000002,0.000080585479736,0.000000001000000
4,8000,0.000000000000001,0.000052452087402,0.000000001000000
6,8000,0.000000000000001,0.011985778808594,0.000000001000000
8,8000,0.000000000000000,0.024540901184082,0.000000001000000
10,8000,0.000000000000001,0.048950433731079,0.000000001000000
12,8000,0.000000000000001,0.051512002944946,0.000000001000000
1,10000,0.000000000000004,0.000149250030518,0.000000001000000
2,10000,0.000000000000001,0.000136852264404,0.000000001000000
4,10000,0.000000000000001,0.000060081481934,0.000000001000000
6,10000,0.000000000000000,0.055990695953369,0.000000001000000
8,10000,0.000000000000000,0.063751935958862,0.000000001000000
10,10000,0.000000000000000,0.073618173599243,0.000000001000000
12,10000,0.000000000000000,0.056919813156128,0.000000001000000
1,20000,0.000000000000006,0.000289678573608,0.000000001000000
2,20000,0.000000000000002,0.000184535980225,0.000000001000000
4,20000,0.000000000000003,0.000227451324463,0.000000001000000
6,20000,0.000000000000001,0.073934078216553,0.000000001000000
8,20000,0.000000000000001,0.052687883377075,0.000000001000000
10,20000,0.000000000000001,0.030415296554565,0.000000001000000
12,20000,0.000000000000001,0.058767080307007,0.000000001000000
1,40000,0.000000000000005,0.000588655471802,0.000000001000000
2,40000,0.000000000000001,0.000307083129883,0.000000001000000
4,40000,0.000000000000002,0.019268989562988,0.000000001000000
6,40000,0.000000000000002,0.012252807617188,0.000000001000000
8,40000,0.000000000000001,0.040340662002563,0.000000001000000
10,40000,0.000000000000000,0.022840499877930,0.000000001000000
12,40000,0.000000000000000,0.059981822967529,0.000000001000000
1,60000,0.000000000000002,0.000854492187500,0.000000001000000
2,60000,0.000000000000004,0.014925718307495,0.000000001000000
4,60000,0.000000000000000,0.023946285247803,0.000000001000000
6,60000,0.000000000000001,0.012329816818237,0.000000001000000
8,60000,0.000000000000001,0.122747421264648,0.000000001000000
10,60000,0.000000000000000,0.055881738662720,0.000000001000000
12,60000,0.000000000000001,0.065446615219116,0.000000001000000
1,80000,0.000000000000011,0.001168251037598,0.000000001000000
2,80000,0.000000000000008,0.000587224960327,0.000000001000000
4,80000,0.000000000000005,0.014506578445435,0.000000001000000
6,80000,0.000000000000001,0.037143945693970,0.000000001000000
8,80000,0.000000000000000,0.053156852722168,0.000000001000000
10,80000,0.000000000000001,0.039014816284180,0.000000001000000
12,80000,0.000000000000000,0.192677974700928,0.000000001000000
