1,20,0.000066312351325,0.000015258789062,0.000000001000000
2,20,0.000066312351325,0.000032424926758,0.000000001000000
4,20,0.000066312351325,0.007929801940918,0.000000001000000
6,20,0.000066312351325,0.016672849655151,0.000000001000000
8,20,0.000066312351325,0.076055288314819,0.000000001000000
10,20,0.000066312351325,0.053761005401611,0.000000001000000
12,20,0.000066312351325,0.053634881973267,0.000000001000000
1,40,0.000016578502332,0.000017404556274,0.000000001000000
2,40,0.000016578502332,0.000040769577026,0.000000001000000
4,40,0.000016578502332,0.002750158309937,0.000000001000000
6,40,0.000016578502331,0.013743877410889,0.000000001000000
8,40,0.000016578502332,0.031051158905029,0.000000001000000
10,40,0.000016578502331,0.034665107727051,0.000000001000000
12,40,0.000016578502331,0.045412778854370,0.000000001000000
1,60,0.000007368257244,0.000018596649170,0.000000001000000
2,60,0.000007368257244,0.000037670135498,0.000000001000000
4,60,0.000007368257244,0.000202894210815,0.000000001000000
6,60,0.000007368257244,0.016413927078247,0.000000001000000
8,60,0.000007368257244,0.043497323989868,0.000000001000000
10,60,0.000007368257244,0.072961807250977,0.000000001000000
12,60,0.000007368257244,0.067491054534912,0.000000001000000
1,80,0.000004144651385,0.000023365020752,0.000000001000000
2,80,0.000004144651385,0.000045061111450,0.000000001000000
4,80,0.000004144651385,0.004477977752686,0.000000001000000
6,80,0.000004144651385,0.007067203521729,0.000000001000000
8,80,0.000004144651385,0.033735990524292,0.000000001000000
10,80,0.000004144651385,0.048162460327148,0.000000001000000
12,80,0.000004144651385,0.050281047821045,0.000000001000000
1,100,0.000002652578866,0.000019788742065,0.000000001000000
2,100,0.000002652578866,0.000025987625122,0.000000001000000
4,100,0.000002652578866,0.000051498413086,0.000000001000000
6,100,0.000002652578866,0.004399776458740,0.000000001000000
8,100,0.000002652578866,0.038046836853027,0.000000001000000
10,100,0.000002652578866,0.058857440948486,0.000000001000000
12,100,0.000002652578866,0.077713727951050,0.000000001000000
1,200,0.000000663145376,0.000023365020752,0.000000001000000
2,200,0.000000663145376,0.000042676925659,0.000000001000000
4,200,0.000000663145376,0.000433921813965,0.000000001000000
6,200,0.000000663145376,0.009649991989136,0.000000001000000
8,200,0.000000663145376,0.035385131835938,0.000000001000000
10,200,0.000000663145376,0.024455547332764,0.000000001000000
12,200,0.000000663145376,0.046719551086426,0.000000001000000
1,400,0.000000165786386,0.000026464462280,0.000000001000000
2,400,0.000000165786385,0.000080108642578,0.000000001000000
4,400,0.000000165786386,0.000076532363892,0.000000001000000
6,400,0.000000165786385,0.016783475875854,0.000000001000000
8,400,0.000000165786385,0.046474933624268,0.000000001000000
10,400,0.000000165786385,0.055028438568115,0.000000001000000
12,400,0.000000165786386,0.061266183853149,0.000000001000000
1,600,0.000000073682842,0.000035524368286,0.000000001000000
2,600,0.000000073682841,0.000053167343140,0.000000001000000
4,600,0.000000073682841,0.000038623809814,0.000000001000000
6,600,0.000000073682841,0.000281095504761,0.000000001000000
