1,20,0.000000000197355,0.000020980834961,0.000000001000000
2,20,0.000000000197355,0.000036478042603,0.000000001000000
4,20,0.000000000197355,0.000064373016357,0.000000001000000
6,20,0.000000000197355,0.049653768539429,0.000000001000000
8,20,0.000000000197355,0.043436288833618,0.000000001000000
10,20,0.000000000197355,0.043293952941895,0.000000001000000
12,20,0.000000000197355,0.073557138442993,0.000000001000000
1,40,0.000000000003084,0.000018835067749,0.000000001000000
2,40,0.000000000003084,0.000045537948608,0.000000001000000
4,40,0.000000000003084,0.000043392181396,0.000000001000000
6,40,0.000000000003084,0.019251346588135,0.000000001000000
8,40,0.000000000003084,0.077531814575195,0.000000001000000
10,40,0.000000000003084,0.068744182586670,0.000000001000000
12,40,0.000000000003084,0.051832199096680,0.000000001000000
1,60,0.000000000000271,0.000019788742065,0.000000001000000
2,60,0.000000000000270,0.000065326690674,0.000000001000000
4,60,0.000000000000271,0.000322818756104,0.000000001000000
6,60,0.000000000000271,0.001704931259155,0.000000001000000
8,60,0.000000000000271,0.068520069122314,0.000000001000000
10,60,0.000000000000271,0.056769132614136,0.000000001000000
12,60,0.000000000000271,0.084737777709961,0.000000001000000
1,80,0.000000000000048,0.000011920928955,0.000000001000000
2,80,0.000000000000048,0.000023603439331,0.000000001000000
4,80,0.000000000000048,0.000135421752930,0.000000001000000
6,80,0.000000000000048,0.034309387207031,0.000000001000000
8,80,0.000000000000048,0.041568756103516,0.000000001000000
