1,20,0.000000000197355,0.000019788742065,0.000000001000000
2,20,0.000000000197355,0.000033617019653,0.000000001000000
4,20,0.000000000197355,0.002720594406128,0.000000001000000
6,20,0.000000000197355,0.000305652618408,0.000000001000000
8,20,0.000000000197355,0.037474393844604,0.000000001000000
10,20,0.000000000197355,0.035161256790161,0.000000001000000
12,20,0.000000000197355,0.035015344619751,0.000000001000000
1,40,0.000000000003084,0.000020742416382,0.000000001000000
2,40,0.000000000003084,0.000042200088501,0.000000001000000
4,40,0.000000000003084,0.019865274429321,0.000000001000000
6,40,0.000000000003084,0.002032995223999,0.000000001000000
8,40,0.000000000003084,0.024199724197388,0.000000001000000
10,40,0.000000000003084,0.041639804840088,0.000000001000000
12,40,0.000000000003084,0.052188873291016,0.000000001000000
1,60,0.000000000000271,0.000017642974854,0.000000001000000
2,60,0.000000000000270,0.000037670135498,0.000000001000000
4,60,0.000000000000271,0.000045776367188,0.000000001000000
6,60,0.000000000000271,0.008686065673828,0.000000001000000
8,60,0.000000000000271,0.041124105453491,0.000000001000000
10,60,0.000000000000271,0.058857917785645,0.000000001000000
12,60,0.000000000000271,0.048844099044800,0.000000001000000
1,80,0.000000000000048,0.000017642974854,0.000000001000000
2,80,0.000000000000048,0.000081062316895,0.000000001000000
4,80,0.000000000000048,0.011862039566040,0.000000001000000
6,80,0.000000000000048,0.013540267944336,0.000000001000000
8,80,0.000000000000048,0.047699213027954,0.000000001000000
10,80,0.000000000000048,0.027144670486450,0.000000001000000
12,80,0.000000000000048,0.018077135086060,0.000000001000000
1,100,0.000000000000013,0.000025033950806,0.000000001000000
2,100,0.000000000000013,0.000036954879761,0.000000001000000
4,100,0.000000000000013,0.004127025604248,0.000000001000000
6,100,0.000000000000013,0.007904529571533,0.000000001000000
8,100,0.000000000000013,0.038836479187012,0.000000001000000
10,100,0.000000000000013,0.033321857452393,0.000000001000000
12,100,0.000000000000013,0.028518438339233,0.000000001000000
1,200,0.000000000000000,0.000013113021851,0.000000001000000
2,200,0.000000000000000,0.000023603439331,0.000000001000000
4,200,0.000000000000000,0.007978916168213,0.000000001000000
6,200,0.000000000000000,0.000209569931030,0.000000001000000
8,200,0.000000000000000,0.031466245651245,0.000000001000000
10,200,0.000000000000000,0.032737731933594,0.000000001000000
12,200,0.000000000000000,0.022288084030151,0.000000001000000
1,400,0.000000000000001,0.000015735626221,0.000000001000000
2,400,0.000000000000000,0.000029087066650,0.000000001000000
4,400,0.000000000000000,0.004298448562622,0.000000001000000
6,400,0.000000000000000,0.000202417373657,0.000000001000000
8,400,0.000000000000000,0.042462110519409,0.000000001000000
10,400,0.000000000000000,0.048914909362793,0.000000001000000
12,400,0.000000000000000,0.049372434616089,0.000000001000000
1,600,0.000000000000000,0.000022888183594,0.000000001000000
2,600,0.000000000000000,0.000028610229492,0.000000001000000
4,600,0.000000000000000,0.000173330307007,0.000000001000000
6,600,0.000000000000000,0.027940273284912,0.000000001000000
8,600,0.000000000000000,0.041094303131104,0.000000001000000
10,600,0.000000000000000,0.049769401550293,0.000000001000000
12,600,0.000000000000000,0.069055318832397,0.000000001000000
1,800,0.000000000000000,0.000023841857910,0.000000001000000
2,800,0.000000000000000,0.000029802322388,0.000000001000000
4,800,0.000000000000000,0.004478693008423,0.000000001000000
6,800,0.000000000000000,0.026198625564575,0.000000001000000
8,800,0.000000000000000,0.048580646514893,0.000000001000000
10,800,0.000000000000000,0.046876907348633,0.000000001000000
12,800,0.000000000000000,0.060155630111694,0.000000001000000
1,1000,0.000000000000001,0.000025033950806,0.000000001000000
2,1000,0.000000000000000,0.019928932189941,0.000000001000000
4,1000,0.000000000000001,0.001527547836304,0.000000001000000
6,1000,0.000000000000000,0.020003557205200,0.000000001000000
8,1000,0.000000000000000,0.068207740783691,0.000000001000000
10,1000,0.000000000000000,0.058734416961670,0.000000001000000
12,1000,0.000000000000000,0.039487600326538,0.000000001000000
1,2000,0.000000000000000,0.000070333480835,0.000000001000000
2,2000,0.000000000000001,0.000060796737671,0.000000001000000
4,2000,0.000000000000001,0.000075578689575,0.000000001000000
6,2000,0.000000000000000,0.011389732360840,0.000000001000000
8,2000,0.000000000000001,0.042325496673584,0.000000001000000
10,2000,0.000000000000000,0.039308786392212,0.000000001000000
12,2000,0.000000000000000,0.063569545745850,0.000000001000000
1,4000,0.000000000000002,0.000132322311401,0.000000001000000
2,4000,0.000000000000000,0.000089406967163,0.000000001000000
4,4000,0.000000000000000,0.000089406967163,0.000000001000000
6,4000,0.000000000000000,0.017011165618896,0.000000001000000
8,4000,0.000000000000001,0.067840337753296,0.000000001000000
10,4000,0.000000000000000,0.047362565994263,0.000000001000000
12,4000,0.000000000000000,0.040161609649658,0.000000001000000
1,6000,0.000000000000006,0.000183582305908,0.000000001000000
2,6000,0.000000000000002,0.000146150588989,0.000000001000000
4,6000,0.000000000000001,0.000178337097168,0.000000001000000
6,6000,0.000000000000000,0.008137464523315,0.000000001000000
8,6000,0.000000000000000,0.043093681335449,0.000000001000000
10,6000,0.000000000000000,0.059671163558960,0.000000001000000
12,6000,0.000000000000000,0.075152635574341,0.000000001000000
1,8000,0.000000000000004,0.000237464904785,0.000000001000000
2,8000,0.000000000000002,0.000220298767090,0.000000001000000
4,8000,0.000000000000001,0.013503313064575,0.000000001000000
6,8000,0.000000000000001,0.011054754257202,0.000000001000000
8,8000,0.000000000000000,0.038393974304199,0.000000001000000
10,8000,0.000000000000001,0.049773693084717,0.000000001000000
12,8000,0.000000000000001,0.047826290130615,0.000000001000000
1,10000,0.000000000000004,0.000152111053467,0.000000001000000
2,10000,0.000000000000001,0.000092506408691,0.000000001000000
4,10000,0.000000000000001,0.002412557601929,0.000000001000000
6,10000,0.000000000000000,0.016483306884766,0.000000001000000
8,10000,0.000000000000000,0.023927927017212,0.000000001000000
10,10000,0.000000000000000,0.076004981994629,0.000000001000000
12,10000,0.000000000000000,0.050987482070923,0.000000001000000
1,20000,0.000000000000006,0.000573873519897,0.000000001000000
2,20000,0.000000000000002,0.000338554382324,0.000000001000000
4,20000,0.000000000000003,0.005642652511597,0.000000001000000
6,20000,0.000000000000001,0.010873556137085,0.000000001000000
8,20000,0.000000000000001,0.040683269500732,0.000000001000000
10,20000,0.000000000000001,0.048095464706421,0.000000001000000
12,20000,0.000000000000001,0.036975860595703,0.000000001000000
1,40000,0.000000000000005,0.001240015029907,0.000000001000000
2,40000,0.000000000000001,0.001450061798096,0.000000001000000
4,40000,0.000000000000002,0.012100458145142,0.000000001000000
6,40000,0.000000000000002,0.006935596466064,0.000000001000000
8,40000,0.000000000000001,0.026230573654175,0.000000001000000
10,40000,0.000000000000000,0.027292490005493,0.000000001000000
12,40000,0.000000000000000,0.032325744628906,0.000000001000000
1,60000,0.000000000000002,0.001719951629639,0.000000001000000
2,60000,0.000000000000004,0.000946998596191,0.000000001000000
4,60000,0.000000000000000,0.003143310546875,0.000000001000000
6,60000,0.000000000000001,0.005451917648315,0.000000001000000
8,60000,0.000000000000001,0.021445989608765,0.000000001000000
10,60000,0.000000000000000,0.037546634674072,0.000000001000000
12,60000,0.000000000000001,0.066216945648193,0.000000001000000
1,80000,0.000000000000011,0.002364397048950,0.000000001000000
2,80000,0.000000000000008,0.001279354095459,0.000000001000000
4,80000,0.000000000000005,0.001425266265869,0.000000001000000
6,80000,0.000000000000001,0.016131877899170,0.000000001000000
8,80000,0.000000000000000,0.045923471450806,0.000000001000000
10,80000,0.000000000000001,0.047191619873047,0.000000001000000
12,80000,0.000000000000000,0.057902336120605,0.000000001000000
1,100000,0.000000000000004,0.003023147583008,0.000000001000000
2,100000,0.000000000000000,0.001565933227539,0.000000001000000
4,100000,0.000000000000002,0.007280826568604,0.000000001000000
6,100000,0.000000000000000,0.000818252563477,0.000000001000000
8,100000,0.000000000000001,0.049187421798706,0.000000001000000
10,100000,0.000000000000001,0.062673091888428,0.000000001000000
12,100000,0.000000000000000,0.070463895797729,0.000000001000000
1,200000,0.000000000000004,0.006155252456665,0.000000001000000
2,200000,0.000000000000005,0.002937078475952,0.000000001000000
4,200000,0.000000000000003,0.030979633331299,0.000000001000000
6,200000,0.000000000000003,0.005247354507446,0.000000001000000
8,200000,0.000000000000001,0.040866374969482,0.000000001000000
10,200000,0.000000000000000,0.051448822021484,0.000000001000000
12,200000,0.000000000000001,0.050402402877808,0.000000001000000
1,400000,0.000000000000016,0.011457204818726,0.000000001000000
2,400000,0.000000000000002,0.005829334259033,0.000000001000000
4,400000,0.000000000000003,0.005795240402222,0.000000001000000
6,400000,0.000000000000005,0.005219459533691,0.000000001000000
8,400000,0.000000000000003,0.055775642395020,0.000000001000000
10,400000,0.000000000000002,0.053037166595459,0.000000001000000
12,400000,0.000000000000000,0.056028127670288,0.000000001000000
1,600000,0.000000000000043,0.017706394195557,0.000000001000000
2,600000,0.000000000000011,0.008966684341431,0.000000001000000
4,600000,0.000000000000004,0.018452405929565,0.000000001000000
6,600000,0.000000000000005,0.025233745574951,0.000000001000000
8,600000,0.000000000000002,0.025750398635864,0.000000001000000
10,600000,0.000000000000001,0.056305170059204,0.000000001000000
12,600000,0.000000000000001,0.075659513473511,0.000000001000000
1,800000,0.000000000000003,0.023981571197510,0.000000001000000
2,800000,0.000000000000017,0.013122797012329,0.000000001000000
4,800000,0.000000000000004,0.013708591461182,0.000000001000000
6,800000,0.000000000000001,0.013844013214111,0.000000001000000
8,800000,0.000000000000006,0.041808605194092,0.000000001000000
10,800000,0.000000000000003,0.057755470275879,0.000000001000000
12,800000,0.000000000000003,0.044429063796997,0.000000001000000
1,1000000,0.000000000000047,0.029509782791138,0.000000001000000
2,1000000,0.000000000000012,0.014827251434326,0.000000001000000
4,1000000,0.000000000000006,0.011302709579468,0.000000001000000
6,1000000,0.000000000000011,0.008327484130859,0.000000001000000
8,1000000,0.000000000000006,0.031107902526855,0.000000001000000
10,1000000,0.000000000000002,0.083493471145630,0.000000001000000
12,1000000,0.000000000000001,0.061864614486694,0.000000001000000
1,20,0.000000000197355,0.000015974044800,0.000000001000000
2,20,0.000000000197355,0.000034809112549,0.000000001000000
4,20,0.000000000197355,0.000046253204346,0.000000001000000
6,20,0.000000000197355,0.001848697662354,0.000000001000000
8,20,0.000000000197355,0.045220136642456,0.000000001000000
10,20,0.000000000197355,0.064007043838501,0.000000001000000
12,20,0.000000000197355,0.088533401489258,0.000000001000000
1,40,0.000000000003084,0.000011444091797,0.000000001000000
2,40,0.000000000003084,0.000023603439331,0.000000001000000
4,40,0.000000000003084,0.010556936264038,0.000000001000000
6,40,0.000000000003084,0.000422954559326,0.000000001000000
8,40,0.000000000003084,0.045849323272705,0.000000001000000
10,40,0.000000000003084,0.029994726181030,0.000000001000000
12,40,0.000000000003084,0.048062562942505,0.000000001000000
1,60,0.000000000000271,0.000012159347534,0.000000001000000
2,60,0.000000000000270,0.000023365020752,0.000000001000000
4,60,0.000000000000271,0.000111579895020,0.000000001000000
6,60,0.000000000000271,0.012957572937012,0.000000001000000
8,60,0.000000000000271,0.039328813552856,0.000000001000000
10,60,0.000000000000271,0.025716543197632,0.000000001000000
12,60,0.000000000000271,0.071461915969849,0.000000001000000
1,80,0.000000000000048,0.000018596649170,0.000000001000000
2,80,0.000000000000048,0.005560398101807,0.000000001000000
4,80,0.000000000000048,0.000032424926758,0.000000001000000
6,80,0.000000000000048,0.007543087005615,0.000000001000000
8,80,0.000000000000048,0.061901330947876,0.000000001000000
10,80,0.000000000000048,0.035156726837158,0.000000001000000
12,80,0.000000000000048,0.033350467681885,0.000000001000000
1,100,0.000000000000013,0.000013828277588,0.000000001000000
2,100,0.000000000000013,0.006511688232422,0.000000001000000
4,100,0.000000000000013,0.002721309661865,0.000000001000000
6,100,0.000000000000013,0.005809068679810,0.000000001000000
8,100,0.000000000000013,0.313685655593872,0.000000001000000
10,100,0.000000000000013,0.027163743972778,0.000000001000000
12,100,0.000000000000013,0.048120260238647,0.000000001000000
1,200,0.000000000000000,0.000023365020752,0.000000001000000
2,200,0.000000000000000,0.000038385391235,0.000000001000000
4,200,0.000000000000000,0.002169370651245,0.000000001000000
6,200,0.000000000000000,0.002766609191895,0.000000001000000
8,200,0.000000000000000,0.016520261764526,0.000000001000000
10,200,0.000000000000000,0.054182767868042,0.000000001000000
12,200,0.000000000000000,0.034013748168945,0.000000001000000
1,400,0.000000000000001,0.000015497207642,0.000000001000000
2,400,0.000000000000000,0.002058267593384,0.000000001000000
4,400,0.000000000000000,0.006060361862183,0.000000001000000
6,400,0.000000000000000,0.004256486892700,0.000000001000000
8,400,0.000000000000000,0.028063535690308,0.000000001000000
10,400,0.000000000000000,0.024153470993042,0.000000001000000
12,400,0.000000000000000,0.069604158401489,0.000000001000000
1,600,0.000000000000000,0.000031232833862,0.000000001000000
2,600,0.000000000000000,0.000045299530029,0.000000001000000
4,600,0.000000000000000,0.000087499618530,0.000000001000000
6,600,0.000000000000000,0.009701251983643,0.000000001000000
8,600,0.000000000000000,0.088308572769165,0.000000001000000
10,600,0.000000000000000,0.036620140075684,0.000000001000000
12,600,0.000000000000000,0.046967267990112,0.000000001000000
1,800,0.000000000000000,0.000038146972656,0.000000001000000
2,800,0.000000000000000,0.000096082687378,0.000000001000000
4,800,0.000000000000000,0.014510154724121,0.000000001000000
6,800,0.000000000000000,0.007436513900757,0.000000001000000
8,800,0.000000000000000,0.053050041198730,0.000000001000000
10,800,0.000000000000000,0.077745437622070,0.000000001000000
12,800,0.000000000000000,0.061775445938110,0.000000001000000
1,1000,0.000000000000001,0.000043153762817,0.000000001000000
2,1000,0.000000000000000,0.000056505203247,0.000000001000000
4,1000,0.000000000000001,0.021276950836182,0.000000001000000
6,1000,0.000000000000000,0.006213426589966,0.000000001000000
8,1000,0.000000000000000,0.053040981292725,0.000000001000000
10,1000,0.000000000000000,0.046562194824219,0.000000001000000
12,1000,0.000000000000000,0.079393148422241,0.000000001000000
1,2000,0.000000000000000,0.000039100646973,0.000000001000000
2,2000,0.000000000000001,0.000037193298340,0.000000001000000
4,2000,0.000000000000001,0.008100271224976,0.000000001000000
6,2000,0.000000000000000,0.007761955261230,0.000000001000000
8,2000,0.000000000000001,0.054750204086304,0.000000001000000
10,2000,0.000000000000000,0.042679309844971,0.000000001000000
12,2000,0.000000000000000,0.045126199722290,0.000000001000000
1,4000,0.000000000000002,0.000129461288452,0.000000001000000
2,4000,0.000000000000000,0.000092983245850,0.000000001000000
4,4000,0.000000000000000,0.000080585479736,0.000000001000000
6,4000,0.000000000000000,0.005841016769409,0.000000001000000
8,4000,0.000000000000001,0.041454315185547,0.000000001000000
10,4000,0.000000000000000,0.069957017898560,0.000000001000000
12,4000,0.000000000000000,0.036381959915161,0.000000001000000
1,6000,0.000000000000006,0.000614643096924,0.000000001000000
2,6000,0.000000000000002,0.000180006027222,0.000000001000000
4,6000,0.000000000000001,0.007876157760620,0.000000001000000
6,6000,0.000000000000000,0.011914730072021,0.000000001000000
8,6000,0.000000000000000,0.003110408782959,0.000000001000000
10,6000,0.000000000000000,0.027348279953003,0.000000001000000
12,6000,0.000000000000000,0.047221660614014,0.000000001000000
1,8000,0.000000000000004,0.000246286392212,0.000000001000000
2,8000,0.000000000000002,0.000143766403198,0.000000001000000
4,8000,0.000000000000001,0.000332593917847,0.000000001000000
6,8000,0.000000000000001,0.013301849365234,0.000000001000000
8,8000,0.000000000000000,0.028826475143433,0.000000001000000
10,8000,0.000000000000001,0.043404102325439,0.000000001000000
12,8000,0.000000000000001,0.058346748352051,0.000000001000000
1,10000,0.000000000000004,0.000293254852295,0.000000001000000
2,10000,0.000000000000001,0.000192165374756,0.000000001000000
4,10000,0.000000000000001,0.000149011611938,0.000000001000000
6,10000,0.000000000000000,0.010292291641235,0.000000001000000
8,10000,0.000000000000000,0.028879165649414,0.000000001000000
10,10000,0.000000000000000,0.094363451004028,0.000000001000000
12,10000,0.000000000000000,0.054324388504028,0.000000001000000
1,20000,0.000000000000006,0.000591754913330,0.000000001000000
2,20000,0.000000000000002,0.000398397445679,0.000000001000000
4,20000,0.000000000000003,0.003196239471436,0.000000001000000
6,20000,0.000000000000001,0.022767305374146,0.000000001000000
8,20000,0.000000000000001,0.100003719329834,0.000000001000000
10,20000,0.000000000000001,0.064767360687256,0.000000001000000
12,20000,0.000000000000001,0.065342664718628,0.000000001000000
1,40000,0.000000000000005,0.001163005828857,0.000000001000000
2,40000,0.000000000000001,0.000619888305664,0.000000001000000
4,40000,0.000000000000002,0.005636692047119,0.000000001000000
6,40000,0.000000000000002,0.015813589096069,0.000000001000000
8,40000,0.000000000000001,0.054873943328857,0.000000001000000
10,40000,0.000000000000000,0.074309110641479,0.000000001000000
12,40000,0.000000000000000,0.098408699035645,0.000000001000000
1,60000,0.000000000000002,0.001764774322510,0.000000001000000
2,60000,0.000000000000004,0.000957250595093,0.000000001000000
4,60000,0.000000000000000,0.003304243087769,0.000000001000000
6,60000,0.000000000000001,0.009987831115723,0.000000001000000
8,60000,0.000000000000001,0.045188188552856,0.000000001000000
10,60000,0.000000000000000,0.084788322448730,0.000000001000000
12,60000,0.000000000000001,0.060711383819580,0.000000001000000
1,80000,0.000000000000011,0.002319812774658,0.000000001000000
2,80000,0.000000000000008,0.001502275466919,0.000000001000000
4,80000,0.000000000000005,0.004162311553955,0.000000001000000
6,80000,0.000000000000001,0.008209228515625,0.000000001000000
8,80000,0.000000000000000,0.062451839447021,0.000000001000000
10,80000,0.000000000000001,0.047681808471680,0.000000001000000
12,80000,0.000000000000000,0.038477659225464,0.000000001000000
1,100000,0.000000000000004,0.003444910049438,0.000000001000000
2,100000,0.000000000000000,0.001478433609009,0.000000001000000
4,100000,0.000000000000002,0.007728338241577,0.000000001000000
6,100000,0.000000000000000,0.017202854156494,0.000000001000000
8,100000,0.000000000000001,0.050009727478027,0.000000001000000
10,100000,0.000000000000001,0.086080789566040,0.000000001000000
12,100000,0.000000000000000,0.060696840286255,0.000000001000000
1,200000,0.000000000000004,0.006192445755005,0.000000001000000
2,200000,0.000000000000005,0.003026247024536,0.000000001000000
4,200000,0.000000000000003,0.010070323944092,0.000000001000000
6,200000,0.000000000000003,0.015232801437378,0.000000001000000
8,200000,0.000000000000001,0.074739694595337,0.000000001000000
10,200000,0.000000000000000,0.082277297973633,0.000000001000000
12,200000,0.000000000000001,0.051037549972534,0.000000001000000
1,400000,0.000000000000016,0.011848449707031,0.000000001000000
2,400000,0.000000000000002,0.005793094635010,0.000000001000000
4,400000,0.000000000000003,0.006541967391968,0.000000001000000
6,400000,0.000000000000005,0.019235372543335,0.000000001000000
8,400000,0.000000000000003,0.059376001358032,0.000000001000000
10,400000,0.000000000000002,0.058295488357544,0.000000001000000
12,400000,0.000000000000000,0.062502861022949,0.000000001000000
1,600000,0.000000000000043,0.017745256423950,0.000000001000000
2,600000,0.000000000000011,0.008965253829956,0.000000001000000
4,600000,0.000000000000004,0.008272886276245,0.000000001000000
6,600000,0.000000000000005,0.007782697677612,0.000000001000000
8,600000,0.000000000000002,0.046810388565063,0.000000001000000
10,600000,0.000000000000001,0.045788526535034,0.000000001000000
12,600000,0.000000000000001,0.068747758865356,0.000000001000000
1,800000,0.000000000000003,0.023983001708984,0.000000001000000
2,800000,0.000000000000017,0.032806873321533,0.000000001000000
4,800000,0.000000000000004,0.011961221694946,0.000000001000000
6,800000,0.000000000000001,0.016877889633179,0.000000001000000
8,800000,0.000000000000006,0.082685470581055,0.000000001000000
10,800000,0.000000000000003,0.063575029373169,0.000000001000000
12,800000,0.000000000000003,0.066995143890381,0.000000001000000
1,1000000,0.000000000000047,0.029174089431763,0.000000001000000
2,1000000,0.000000000000012,0.014885902404785,0.000000001000000
4,1000000,0.000000000000006,0.013730049133301,0.000000001000000
6,1000000,0.000000000000011,0.019780397415161,0.000000001000000
8,1000000,0.000000000000006,0.051324367523193,0.000000001000000
10,1000000,0.000000000000002,0.049816131591797,0.000000001000000
12,1000000,0.000000000000001,0.067241191864014,0.000000001000000
1,20,0.000000000197355,0.000009298324585,0.000000001000000
2,20,0.000000000197355,0.000024080276489,0.000000001000000
4,20,0.000000000197355,0.006527185440063,0.000000001000000
6,20,0.000000000197355,0.004125118255615,0.000000001000000
8,20,0.000000000197355,0.045379877090454,0.000000001000000
10,20,0.000000000197355,0.066693305969238,0.000000001000000
12,20,0.000000000197355,0.055819749832153,0.000000001000000
1,40,0.000000000003084,0.000017642974854,0.000000001000000
2,40,0.000000000003084,0.000056505203247,0.000000001000000
4,40,0.000000000003084,0.005855560302734,0.000000001000000
6,40,0.000000000003084,0.012405633926392,0.000000001000000
8,40,0.000000000003084,0.053722143173218,0.000000001000000
10,40,0.000000000003084,0.064745903015137,0.000000001000000
12,40,0.000000000003084,0.041484594345093,0.000000001000000
1,60,0.000000000000271,0.000018835067749,0.000000001000000
2,60,0.000000000000270,0.000056505203247,0.000000001000000
4,60,0.000000000000271,0.000404596328735,0.000000001000000
6,60,0.000000000000271,0.004020929336548,0.000000001000000
8,60,0.000000000000271,0.039429426193237,0.000000001000000
10,60,0.000000000000271,0.050835609436035,0.000000001000000
12,60,0.000000000000271,0.063911437988281,0.000000001000000
1,80,0.000000000000048,0.000018835067749,0.000000001000000
2,80,0.000000000000048,0.000108957290649,0.000000001000000
4,80,0.000000000000048,0.003915786743164,0.000000001000000
6,80,0.000000000000048,0.014598846435547,0.000000001000000
8,80,0.000000000000048,0.057082414627075,0.000000001000000
10,80,0.000000000000048,0.047071933746338,0.000000001000000
12,80,0.000000000000048,0.072528600692749,0.000000001000000
1,100,0.000000000000013,0.000041246414185,0.000000001000000
2,100,0.000000000000013,0.000047922134399,0.000000001000000
4,100,0.000000000000013,0.043669939041138,0.000000001000000
6,100,0.000000000000013,0.031872987747192,0.000000001000000
8,100,0.000000000000013,0.052594900131226,0.000000001000000
10,100,0.000000000000013,0.055433988571167,0.000000001000000
12,100,0.000000000000013,0.067077159881592,0.000000001000000
1,200,0.000000000000000,0.000022172927856,0.000000001000000
2,200,0.000000000000000,0.000039815902710,0.000000001000000
4,200,0.000000000000000,0.001560211181641,0.000000001000000
6,200,0.000000000000000,0.019574880599976,0.000000001000000
8,200,0.000000000000000,0.057804584503174,0.000000001000000
10,200,0.000000000000000,0.051023244857788,0.000000001000000
12,200,0.000000000000000,0.060382366180420,0.000000001000000
1,400,0.000000000000001,0.000027418136597,0.000000001000000
2,400,0.000000000000000,0.000067472457886,0.000000001000000
4,400,0.000000000000000,0.003883361816406,0.000000001000000
6,400,0.000000000000000,0.004000663757324,0.000000001000000
8,400,0.000000000000000,0.023234367370605,0.000000001000000
10,400,0.000000000000000,0.023384094238281,0.000000001000000
12,400,0.000000000000000,0.038264036178589,0.000000001000000
1,600,0.000000000000000,0.000032663345337,0.000000001000000
2,600,0.000000000000000,0.000221252441406,0.000000001000000
4,600,0.000000000000000,0.002329826354980,0.000000001000000
6,600,0.000000000000000,0.002416372299194,0.000000001000000
8,600,0.000000000000000,0.035841464996338,0.000000001000000
10,600,0.000000000000000,0.046405553817749,0.000000001000000
12,600,0.000000000000000,0.037896871566772,0.000000001000000
1,800,0.000000000000000,0.000034570693970,0.000000001000000
2,800,0.000000000000000,0.000041723251343,0.000000001000000
4,800,0.000000000000000,0.002661466598511,0.000000001000000
6,800,0.000000000000000,0.004305362701416,0.000000001000000
8,800,0.000000000000000,0.043926715850830,0.000000001000000
10,800,0.000000000000000,0.077070951461792,0.000000001000000
12,800,0.000000000000000,0.035382509231567,0.000000001000000
1,1000,0.000000000000001,0.000027656555176,0.000000001000000
2,1000,0.000000000000000,0.000042915344238,0.000000001000000
4,1000,0.000000000000001,0.033071279525757,0.000000001000000
6,1000,0.000000000000000,0.017165184020996,0.000000001000000
8,1000,0.000000000000000,0.050317287445068,0.000000001000000
10,1000,0.000000000000000,0.039611339569092,0.000000001000000
12,1000,0.000000000000000,0.043008089065552,0.000000001000000
1,2000,0.000000000000000,0.000071525573730,0.000000001000000
2,2000,0.000000000000001,0.000043630599976,0.000000001000000
4,2000,0.000000000000001,0.006891727447510,0.000000001000000
6,2000,0.000000000000000,0.022024869918823,0.000000001000000
8,2000,0.000000000000001,0.048809766769409,0.000000001000000
10,2000,0.000000000000000,0.053447961807251,0.000000001000000
12,2000,0.000000000000000,0.053696393966675,0.000000001000000
1,4000,0.000000000000002,0.000066280364990,0.000000001000000
2,4000,0.000000000000000,0.000054121017456,0.000000001000000
4,4000,0.000000000000000,0.007866144180298,0.000000001000000
6,4000,0.000000000000000,0.043879747390747,0.000000001000000
8,4000,0.000000000000001,0.049373865127563,0.000000001000000
10,4000,0.000000000000000,0.059085130691528,0.000000001000000
12,4000,0.000000000000000,0.053096771240234,0.000000001000000
1,6000,0.000000000000006,0.000183343887329,0.000000001000000
2,6000,0.000000000000002,0.000122308731079,0.000000001000000
4,6000,0.000000000000001,0.040026903152466,0.000000001000000
6,6000,0.000000000000000,0.017755270004272,0.000000001000000
8,6000,0.000000000000000,0.063902378082275,0.000000001000000
10,6000,0.000000000000000,0.047535657882690,0.000000001000000
12,6000,0.000000000000000,0.065589427947998,0.000000001000000
1,8000,0.000000000000004,0.000262737274170,0.000000001000000
2,8000,0.000000000000002,0.000147342681885,0.000000001000000
4,8000,0.000000000000001,0.017332792282104,0.000000001000000
6,8000,0.000000000000001,0.015662670135498,0.000000001000000
8,8000,0.000000000000000,0.057538986206055,0.000000001000000
10,8000,0.000000000000001,0.071885347366333,0.000000001000000
12,8000,0.000000000000001,0.069056272506714,0.000000001000000
1,10000,0.000000000000004,0.000293254852295,0.000000001000000
2,10000,0.000000000000001,0.000174999237061,0.000000001000000
4,10000,0.000000000000001,0.005400896072388,0.000000001000000
6,10000,0.000000000000000,0.024768352508545,0.000000001000000
8,10000,0.000000000000000,0.011802911758423,0.000000001000000
10,10000,0.000000000000000,0.051298379898071,0.000000001000000
12,10000,0.000000000000000,0.055676937103271,0.000000001000000
1,20000,0.000000000000006,0.000572681427002,0.000000001000000
2,20000,0.000000000000002,0.000326156616211,0.000000001000000
4,20000,0.000000000000003,0.000216722488403,0.000000001000000
6,20000,0.000000000000001,0.016932964324951,0.000000001000000
8,20000,0.000000000000001,0.067842006683350,0.000000001000000
10,20000,0.000000000000001,0.059302330017090,0.000000001000000
12,20000,0.000000000000001,0.046054601669312,0.000000001000000
1,40000,0.000000000000005,0.001146793365479,0.000000001000000
2,40000,0.000000000000001,0.000617027282715,0.000000001000000
4,40000,0.000000000000002,0.004510402679443,0.000000001000000
6,40000,0.000000000000002,0.023405313491821,0.000000001000000
8,40000,0.000000000000001,0.082983493804932,0.000000001000000
10,40000,0.000000000000000,0.072545289993286,0.000000001000000
12,40000,0.000000000000000,0.092028617858887,0.000000001000000
1,60000,0.000000000000002,0.000860452651978,0.000000001000000
2,60000,0.000000000000004,0.000440835952759,0.000000001000000
4,60000,0.000000000000000,0.006913185119629,0.000000001000000
6,60000,0.000000000000001,0.004380464553833,0.000000001000000
8,60000,0.000000000000001,0.028312444686890,0.000000001000000
10,60000,0.000000000000000,0.060095071792603,0.000000001000000
12,60000,0.000000000000001,0.056645631790161,0.000000001000000
1,80000,0.000000000000011,0.001125574111938,0.000000001000000
2,80000,0.000000000000008,0.000580072402954,0.000000001000000
4,80000,0.000000000000005,0.005415201187134,0.000000001000000
6,80000,0.000000000000001,0.029232263565063,0.000000001000000
8,80000,0.000000000000000,0.107471942901611,0.000000001000000
10,80000,0.000000000000001,0.050015687942505,0.000000001000000
12,80000,0.000000000000000,0.054795026779175,0.000000001000000
1,100000,0.000000000000004,0.001401662826538,0.000000001000000
2,100000,0.000000000000000,0.006973028182983,0.000000001000000
4,100000,0.000000000000002,0.008394718170166,0.000000001000000
6,100000,0.000000000000000,0.023929119110107,0.000000001000000
8,100000,0.000000000000001,0.047671318054199,0.000000001000000
10,100000,0.000000000000001,0.056108236312866,0.000000001000000
12,100000,0.000000000000000,0.047481060028076,0.000000001000000
1,200000,0.000000000000004,0.006244421005249,0.000000001000000
2,200000,0.000000000000005,0.002992868423462,0.000000001000000
4,200000,0.000000000000003,0.020358562469482,0.000000001000000
6,200000,0.000000000000003,0.014673471450806,0.000000001000000
8,200000,0.000000000000001,0.006838798522949,0.000000001000000
10,200000,0.000000000000000,0.067753553390503,0.000000001000000
12,200000,0.000000000000001,0.111807107925415,0.000000001000000
1,400000,0.000000000000016,0.005591154098511,0.000000001000000
2,400000,0.000000000000002,0.002817869186401,0.000000001000000
4,400000,0.000000000000003,0.019958019256592,0.000000001000000
6,400000,0.000000000000005,0.035517454147339,0.000000001000000
8,400000,0.000000000000003,0.071274757385254,0.000000001000000
10,400000,0.000000000000002,0.054831743240356,0.000000001000000
12,400000,0.000000000000000,0.072987556457520,0.000000001000000
1,600000,0.000000000000043,0.018084287643433,0.000000001000000
2,600000,0.000000000000011,0.012726306915283,0.000000001000000
4,600000,0.000000000000004,0.009579181671143,0.000000001000000
6,600000,0.000000000000005,0.036175727844238,0.000000001000000
8,600000,0.000000000000002,0.058782100677490,0.000000001000000
10,600000,0.000000000000001,0.069409847259521,0.000000001000000
12,600000,0.000000000000001,0.059152364730835,0.000000001000000
1,800000,0.000000000000003,0.023606538772583,0.000000001000000
2,800000,0.000000000000017,0.012667417526245,0.000000001000000
4,800000,0.000000000000004,0.026746034622192,0.000000001000000
6,800000,0.000000000000001,0.025090694427490,0.000000001000000
8,800000,0.000000000000006,0.017070055007935,0.000000001000000
10,800000,0.000000000000003,0.046780586242676,0.000000001000000
12,800000,0.000000000000003,0.039065599441528,0.000000001000000
1,1000000,0.000000000000047,0.030824184417725,0.000000001000000
2,1000000,0.000000000000012,0.014868259429932,0.000000001000000
4,1000000,0.000000000000006,0.008756160736084,0.000000001000000
6,1000000,0.000000000000011,0.002867460250854,0.000000001000000
8,1000000,0.000000000000006,0.072447776794434,0.000000001000000
10,1000000,0.000000000000002,0.064694404602051,0.000000001000000
12,1000000,0.000000000000001,0.190641403198242,0.000000001000000
1,20,0.000000000197355,0.000016689300537,0.000000001000000
2,20,0.000000000197355,0.000034809112549,0.000000001000000
4,20,0.000000000197355,0.000030755996704,0.000000001000000
6,20,0.000000000197355,0.010732173919678,0.000000001000000
8,20,0.000000000197355,0.051837205886841,0.000000001000000
10,20,0.000000000197355,0.063663721084595,0.000000001000000
12,20,0.000000000197355,0.048571825027466,0.000000001000000
1,40,0.000000000003084,0.000017404556274,0.000000001000000
2,40,0.000000000003084,0.000049114227295,0.000000001000000
4,40,0.000000000003084,0.000397682189941,0.000000001000000
6,40,0.000000000003084,0.000329256057739,0.000000001000000
8,40,0.000000000003084,0.062596559524536,0.000000001000000
10,40,0.000000000003084,0.065855026245117,0.000000001000000
12,40,0.000000000003084,0.071953058242798,0.000000001000000
1,60,0.000000000000271,0.000017404556274,0.000000001000000
2,60,0.000000000000270,0.000037193298340,0.000000001000000
4,60,0.000000000000271,0.000102996826172,0.000000001000000
6,60,0.000000000000271,0.023270130157471,0.000000001000000
8,60,0.000000000000271,0.058856487274170,0.000000001000000
10,60,0.000000000000271,0.033126115798950,0.000000001000000
12,60,0.000000000000271,0.061328411102295,0.000000001000000
1,80,0.000000000000048,0.000010967254639,0.000000001000000
2,80,0.000000000000048,0.000030755996704,0.000000001000000
4,80,0.000000000000048,0.016027450561523,0.000000001000000
6,80,0.000000000000048,0.035753965377808,0.000000001000000
8,80,0.000000000000048,0.054165601730347,0.000000001000000
10,80,0.000000000000048,0.061760663986206,0.000000001000000
12,80,0.000000000000048,0.062019586563110,0.000000001000000
1,100,0.000000000000013,0.000012159347534,0.000000001000000
2,100,0.000000000000013,0.000025272369385,0.000000001000000
4,100,0.000000000000013,0.006564617156982,0.000000001000000
6,100,0.000000000000013,0.008210420608521,0.000000001000000
8,100,0.000000000000013,0.053262233734131,0.000000001000000
10,100,0.000000000000013,0.041618347167969,0.000000001000000
12,100,0.000000000000013,0.063984870910645,0.000000001000000
1,200,0.000000000000000,0.000013351440430,0.000000001000000
2,200,0.000000000000000,0.000031709671021,0.000000001000000
4,200,0.000000000000000,0.000043869018555,0.000000001000000
6,200,0.000000000000000,0.015136480331421,0.000000001000000
8,200,0.000000000000000,0.058328151702881,0.000000001000000
10,200,0.000000000000000,0.077457904815674,0.000000001000000
12,200,0.000000000000000,0.053930759429932,0.000000001000000
1,400,0.000000000000001,0.000026941299438,0.000000001000000
2,400,0.000000000000000,0.000049829483032,0.000000001000000
4,400,0.000000000000000,0.000417947769165,0.000000001000000
6,400,0.000000000000000,0.015508174896240,0.000000001000000
8,400,0.000000000000000,0.043039798736572,0.000000001000000
10,400,0.000000000000000,0.059767961502075,0.000000001000000
12,400,0.000000000000000,0.073101282119751,0.000000001000000
1,600,0.000000000000000,0.000037908554077,0.000000001000000
2,600,0.000000000000000,0.000154972076416,0.000000001000000
4,600,0.000000000000000,0.003992795944214,0.000000001000000
6,600,0.000000000000000,0.175037860870361,0.000000001000000
8,600,0.000000000000000,0.053556203842163,0.000000001000000
10,600,0.000000000000000,0.034989118576050,0.000000001000000
12,600,0.000000000000000,0.043377876281738,0.000000001000000
1,800,0.000000000000000,0.000070095062256,0.000000001000000
2,800,0.000000000000000,0.000102281570435,0.000000001000000
4,800,0.000000000000000,0.000250339508057,0.000000001000000
6,800,0.000000000000000,0.008180141448975,0.000000001000000
8,800,0.000000000000000,0.076251268386841,0.000000001000000
10,800,0.000000000000000,0.086568593978882,0.000000001000000
12,800,0.000000000000000,0.062935829162598,0.000000001000000
1,1000,0.000000000000001,0.000044584274292,0.000000001000000
2,1000,0.000000000000000,0.000054121017456,0.000000001000000
4,1000,0.000000000000001,0.000051259994507,0.000000001000000
6,1000,0.000000000000000,0.021126985549927,0.000000001000000
8,1000,0.000000000000000,0.046228170394897,0.000000001000000
10,1000,0.000000000000000,0.054314136505127,0.000000001000000
12,1000,0.000000000000000,0.005666494369507,0.000000001000000
1,2000,0.000000000000000,0.000071525573730,0.000000001000000
2,2000,0.000000000000001,0.000074863433838,0.000000001000000
4,2000,0.000000000000001,0.000057220458984,0.000000001000000
6,2000,0.000000000000000,0.004948377609253,0.000000001000000
8,2000,0.000000000000001,0.076965570449829,0.000000001000000
10,2000,0.000000000000000,0.044962644577026,0.000000001000000
12,2000,0.000000000000000,0.047741413116455,0.000000001000000
1,4000,0.000000000000002,0.000128030776978,0.000000001000000
2,4000,0.000000000000000,0.000103235244751,0.000000001000000
4,4000,0.000000000000000,0.007683277130127,0.000000001000000
6,4000,0.000000000000000,0.012115478515625,0.000000001000000
8,4000,0.000000000000001,0.033827304840088,0.000000001000000
10,4000,0.000000000000000,0.056201219558716,0.000000001000000
12,4000,0.000000000000000,0.047978401184082,0.000000001000000
1,6000,0.000000000000006,0.000193595886230,0.000000001000000
2,6000,0.000000000000002,0.000126361846924,0.000000001000000
4,6000,0.000000000000001,0.001266241073608,0.000000001000000
6,6000,0.000000000000000,0.019737958908081,0.000000001000000
8,6000,0.000000000000000,0.071143627166748,0.000000001000000
10,6000,0.000000000000000,0.061169862747192,0.000000001000000
