1,20,0.000066312351325,0.000016689300537,0.000000001000000
2,20,0.000066312351325,0.000034570693970,0.000000001000000
3,20,0.000066312351325,0.000067710876465,0.000000001000000
4,20,0.000066312351325,0.000145912170410,0.000000001000000
5,20,0.000066312351325,0.000669002532959,0.000000001000000
6,20,0.000066312351325,0.002179861068726,0.000000001000000
7,20,0.000066312351325,0.025172948837280,0.000000001000000
8,20,0.000066312351325,0.031420707702637,0.000000001000000
9,20,0.000066312351325,0.048918008804321,0.000000001000000
10,20,0.000066312351325,0.056101322174072,0.000000001000000
11,20,0.000066312351325,0.071232795715332,0.000000001000000
12,20,0.000066312351325,0.046163558959961,0.000000001000000
1,40,0.000016578502332,0.000016450881958,0.000000001000000
2,40,0.000016578502332,0.005948781967163,0.000000001000000
3,40,0.000016578502332,0.000034332275391,0.000000001000000
4,40,0.000016578502332,0.031960487365723,0.000000001000000
5,40,0.000016578502332,0.015914201736450,0.000000001000000
6,40,0.000016578502331,0.009820699691772,0.000000001000000
7,40,0.000016578502332,0.023637294769287,0.000000001000000
8,40,0.000016578502332,0.054485559463501,0.000000001000000
9,40,0.000016578502331,0.036685705184937,0.000000001000000
10,40,0.000016578502331,0.075827836990356,0.000000001000000
11,40,0.000016578502331,0.044221639633179,0.000000001000000
12,40,0.000016578502331,0.053552389144897,0.000000001000000
1,60,0.000007368257244,0.000017404556274,0.000000001000000
2,60,0.000007368257244,0.000038623809814,0.000000001000000
3,60,0.000007368257244,0.000044584274292,0.000000001000000
4,60,0.000007368257244,0.000041961669922,0.000000001000000
5,60,0.000007368257244,0.001267194747925,0.000000001000000
6,60,0.000007368257244,0.029006958007812,0.000000001000000
7,60,0.000007368257244,0.024136066436768,0.000000001000000
8,60,0.000007368257244,0.060705661773682,0.000000001000000
9,60,0.000007368257244,0.041490554809570,0.000000001000000
10,60,0.000007368257244,0.056833028793335,0.000000001000000
11,60,0.000007368257244,0.054661273956299,0.000000001000000
12,60,0.000007368257244,0.046823978424072,0.000000001000000
1,80,0.000004144651385,0.000017881393433,0.000000001000000
2,80,0.000004144651385,0.000040054321289,0.000000001000000
3,80,0.000004144651385,0.000039339065552,0.000000001000000
4,80,0.000004144651385,0.000166177749634,0.000000001000000
5,80,0.000004144651385,0.001295089721680,0.000000001000000
6,80,0.000004144651385,0.000900983810425,0.000000001000000
7,80,0.000004144651385,0.021062135696411,0.000000001000000
8,80,0.000004144651385,0.043923854827881,0.000000001000000
9,80,0.000004144651385,0.064426660537720,0.000000001000000
10,80,0.000004144651385,0.056765317916870,0.000000001000000
11,80,0.000004144651385,0.029413461685181,0.000000001000000
12,80,0.000004144651385,0.084254980087280,0.000000001000000
1,100,0.000002652578866,0.000022649765015,0.000000001000000
2,100,0.000002652578866,0.000242710113525,0.000000001000000
3,100,0.000002652578866,0.000039100646973,0.000000001000000
4,100,0.000002652578866,0.000053644180298,0.000000001000000
5,100,0.000002652578866,0.004434108734131,0.000000001000000
6,100,0.000002652578866,0.019695997238159,0.000000001000000
7,100,0.000002652578866,0.030340671539307,0.000000001000000
8,100,0.000002652578866,0.047190427780151,0.000000001000000
9,100,0.000002652578866,0.058441400527954,0.000000001000000
10,100,0.000002652578866,0.056402921676636,0.000000001000000
11,100,0.000002652578866,0.056450366973877,0.000000001000000
12,100,0.000002652578866,0.044732093811035,0.000000001000000
1,200,0.000000663145376,0.000021219253540,0.000000001000000
2,200,0.000000663145376,0.000040054321289,0.000000001000000
3,200,0.000000663145377,0.000043869018555,0.000000001000000
4,200,0.000000663145376,0.000066757202148,0.000000001000000
5,200,0.000000663145376,0.000301122665405,0.000000001000000
6,200,0.000000663145376,0.013096809387207,0.000000001000000
7,200,0.000000663145376,0.063544750213623,0.000000001000000
8,200,0.000000663145376,0.057959318161011,0.000000001000000
9,200,0.000000663145376,0.034609317779541,0.000000001000000
10,200,0.000000663145376,0.049244165420532,0.000000001000000
11,200,0.000000663145376,0.043069601058960,0.000000001000000
12,200,0.000000663145376,0.030813694000244,0.000000001000000
1,400,0.000000165786386,0.000026941299438,0.000000001000000
2,400,0.000000165786385,0.000058412551880,0.000000001000000
3,400,0.000000165786385,0.000044345855713,0.000000001000000
4,400,0.000000165786386,0.000041484832764,0.000000001000000
5,400,0.000000165786385,0.000372409820557,0.000000001000000
6,400,0.000000165786385,0.009402751922607,0.000000001000000
7,400,0.000000165786385,0.020877122879028,0.000000001000000
8,400,0.000000165786385,0.059693336486816,0.000000001000000
9,400,0.000000165786385,0.043488979339600,0.000000001000000
10,400,0.000000165786385,0.041484594345093,0.000000001000000
11,400,0.000000165786385,0.056813240051270,0.000000001000000
12,400,0.000000165786386,0.036526679992676,0.000000001000000
1,600,0.000000073682842,0.000042915344238,0.000000001000000
2,600,0.000000073682841,0.000041484832764,0.000000001000000
3,600,0.000000073682841,0.000043869018555,0.000000001000000
4,600,0.000000073682841,0.000027179718018,0.000000001000000
5,600,0.000000073682841,0.001554727554321,0.000000001000000
6,600,0.000000073682841,0.023911952972412,0.000000001000000
7,600,0.000000073682841,0.041160345077515,0.000000001000000
8,600,0.000000073682841,0.025172233581543,0.000000001000000
9,600,0.000000073682842,0.035363435745239,0.000000001000000
10,600,0.000000073682842,0.051542282104492,0.000000001000000
11,600,0.000000073682841,0.028545379638672,0.000000001000000
12,600,0.000000073682842,0.029017686843872,0.000000001000000
1,800,0.000000041446597,0.000023603439331,0.000000001000000
2,800,0.000000041446599,0.000034093856812,0.000000001000000
3,800,0.000000041446599,0.000046968460083,0.000000001000000
4,800,0.000000041446599,0.002280473709106,0.000000001000000
5,800,0.000000041446599,0.004188299179077,0.000000001000000
6,800,0.000000041446599,0.007929086685181,0.000000001000000
7,800,0.000000041446599,0.033236742019653,0.000000001000000
8,800,0.000000041446599,0.018576860427856,0.000000001000000
9,800,0.000000041446599,0.054146766662598,0.000000001000000
10,800,0.000000041446599,0.037053346633911,0.000000001000000
11,800,0.000000041446599,0.012489795684814,0.000000001000000
12,800,0.000000041446599,0.046707153320312,0.000000001000000
1,1000,0.000000026525822,0.000050783157349,0.000000001000000
2,1000,0.000000026525823,0.000057220458984,0.000000001000000
3,1000,0.000000026525823,0.000045299530029,0.000000001000000
4,1000,0.000000026525824,0.000046253204346,0.000000001000000
5,1000,0.000000026525824,0.001184701919556,0.000000001000000
6,1000,0.000000026525824,0.007386445999146,0.000000001000000
7,1000,0.000000026525824,0.012010812759399,0.000000001000000
8,1000,0.000000026525823,0.042417764663696,0.000000001000000
9,1000,0.000000026525824,0.047368526458740,0.000000001000000
10,1000,0.000000026525823,0.050650835037231,0.000000001000000
11,1000,0.000000026525824,0.020954132080078,0.000000001000000
12,1000,0.000000026525823,0.043213844299316,0.000000001000000
1,2000,0.000000006631454,0.000069379806519,0.000000001000000
2,2000,0.000000006631456,0.000389814376831,0.000000001000000
3,2000,0.000000006631456,0.007991313934326,0.000000001000000
4,2000,0.000000006631456,0.007895708084106,0.000000001000000
5,2000,0.000000006631456,0.000330924987793,0.000000001000000
6,2000,0.000000006631456,0.006713151931763,0.000000001000000
7,2000,0.000000006631456,0.025230169296265,0.000000001000000
8,2000,0.000000006631456,0.063659429550171,0.000000001000000
9,2000,0.000000006631456,0.055840492248535,0.000000001000000
10,2000,0.000000006631456,0.059196949005127,0.000000001000000
11,2000,0.000000006631456,0.052851915359497,0.000000001000000
12,2000,0.000000006631456,0.058302879333496,0.000000001000000
1,4000,0.000000001657870,0.000128507614136,0.000000001000000
2,4000,0.000000001657865,0.000100135803223,0.000000001000000
3,4000,0.000000001657864,0.000087499618530,0.000000001000000
4,4000,0.000000001657863,0.011986494064331,0.000000001000000
5,4000,0.000000001657864,0.004298448562622,0.000000001000000
6,4000,0.000000001657864,0.014014720916748,0.000000001000000
7,4000,0.000000001657864,0.036276340484619,0.000000001000000
8,4000,0.000000001657864,0.009328603744507,0.000000001000000
9,4000,0.000000001657863,0.040586948394775,0.000000001000000
10,4000,0.000000001657864,0.053778171539307,0.000000001000000
11,4000,0.000000001657864,0.054317712783813,0.000000001000000
12,4000,0.000000001657864,0.054058790206909,0.000000001000000
1,6000,0.000000000736828,0.000184059143066,0.000000001000000
2,6000,0.000000000736828,0.000127553939819,0.000000001000000
3,6000,0.000000000736827,0.000091552734375,0.000000001000000
4,6000,0.000000000736828,0.000662326812744,0.000000001000000
5,6000,0.000000000736828,0.000328779220581,0.000000001000000
6,6000,0.000000000736829,0.014065265655518,0.000000001000000
7,6000,0.000000000736828,0.019911050796509,0.000000001000000
8,6000,0.000000000736829,0.041766166687012,0.000000001000000
9,6000,0.000000000736829,0.044162034988403,0.000000001000000
10,6000,0.000000000736829,0.049216985702515,0.000000001000000
11,6000,0.000000000736829,0.039797544479370,0.000000001000000
12,6000,0.000000000736829,0.051335811614990,0.000000001000000
1,8000,0.000000000414466,0.000240564346313,0.000000001000000
2,8000,0.000000000414466,0.000149250030518,0.000000001000000
3,8000,0.000000000414466,0.000371932983398,0.000000001000000
4,8000,0.000000000414465,0.008004426956177,0.000000001000000
5,8000,0.000000000414466,0.007843017578125,0.000000001000000
6,8000,0.000000000414466,0.013504505157471,0.000000001000000
7,8000,0.000000000414466,0.013235569000244,0.000000001000000
8,8000,0.000000000414466,0.039462089538574,0.000000001000000
9,8000,0.000000000414466,0.054934024810791,0.000000001000000
10,8000,0.000000000414466,0.059163093566895,0.000000001000000
11,8000,0.000000000414466,0.036132097244263,0.000000001000000
12,8000,0.000000000414466,0.066055297851562,0.000000001000000
1,10000,0.000000000265261,0.000151157379150,0.000000001000000
2,10000,0.000000000265260,0.000096321105957,0.000000001000000
3,10000,0.000000000265260,0.000078678131104,0.000000001000000
4,10000,0.000000000265257,0.000113964080811,0.000000001000000
5,10000,0.000000000265257,0.001491308212280,0.000000001000000
6,10000,0.000000000265257,0.007873296737671,0.000000001000000
7,10000,0.000000000265257,0.023363828659058,0.000000001000000
8,10000,0.000000000265258,0.051791667938232,0.000000001000000
9,10000,0.000000000265258,0.053004980087280,0.000000001000000
10,10000,0.000000000265258,0.026801586151123,0.000000001000000
11,10000,0.000000000265258,0.032673120498657,0.000000001000000
12,10000,0.000000000265258,0.053561449050903,0.000000001000000
1,20000,0.000000000066314,0.000590801239014,0.000000001000000
2,20000,0.000000000066316,0.000320672988892,0.000000001000000
3,20000,0.000000000066318,0.000357866287231,0.000000001000000
4,20000,0.000000000066316,0.003554821014404,0.000000001000000
5,20000,0.000000000066315,0.000486373901367,0.000000001000000
6,20000,0.000000000066314,0.005659103393555,0.000000001000000
7,20000,0.000000000066315,0.017734527587891,0.000000001000000
8,20000,0.000000000066315,0.031910419464111,0.000000001000000
9,20000,0.000000000066315,0.028550624847412,0.000000001000000
10,20000,0.000000000066315,0.059473276138306,0.000000001000000
11,20000,0.000000000066315,0.054482460021973,0.000000001000000
12,20000,0.000000000066315,0.044646978378296,0.000000001000000
1,40000,0.000000000016589,0.001151323318481,0.000000001000000
2,40000,0.000000000016573,0.000597953796387,0.000000001000000
3,40000,0.000000000016575,0.000414848327637,0.000000001000000
4,40000,0.000000000016579,0.024064064025879,0.000000001000000
5,40000,0.000000000016578,0.001013755798340,0.000000001000000
6,40000,0.000000000016578,0.010740041732788,0.000000001000000
7,40000,0.000000000016579,0.010317802429199,0.000000001000000
8,40000,0.000000000016578,0.043245553970337,0.000000001000000
9,40000,0.000000000016579,0.051081180572510,0.000000001000000
10,40000,0.000000000016578,0.041681766510010,0.000000001000000
11,40000,0.000000000016578,0.031357765197754,0.000000001000000
12,40000,0.000000000016578,0.053652763366699,0.000000001000000
1,60000,0.000000000007373,0.002388000488281,0.000000001000000
2,60000,0.000000000007366,0.000931024551392,0.000000001000000
3,60000,0.000000000007371,0.000665187835693,0.000000001000000
4,60000,0.000000000007370,0.003081560134888,0.000000001000000
5,60000,0.000000000007371,0.000619888305664,0.000000001000000
6,60000,0.000000000007369,0.017475366592407,0.000000001000000
7,60000,0.000000000007369,0.029012203216553,0.000000001000000
8,60000,0.000000000007369,0.069856882095337,0.000000001000000
9,60000,0.000000000007369,0.063987731933594,0.000000001000000
10,60000,0.000000000007369,0.058716058731079,0.000000001000000
11,60000,0.000000000007369,0.029274225234985,0.000000001000000
12,60000,0.000000000007369,0.071960449218750,0.000000001000000
1,80000,0.000000000004148,0.002546310424805,0.000000001000000
2,80000,0.000000000004150,0.001179456710815,0.000000001000000
3,80000,0.000000000004148,0.001280307769775,0.000000001000000
4,80000,0.000000000004145,0.015929222106934,0.000000001000000
5,80000,0.000000000004146,0.000758647918701,0.000000001000000
6,80000,0.000000000004144,0.005859136581421,0.000000001000000
7,80000,0.000000000004144,0.023177862167358,0.000000001000000
8,80000,0.000000000004145,0.039134502410889,0.000000001000000
9,80000,0.000000000004144,0.040255546569824,0.000000001000000
10,80000,0.000000000004144,0.035864830017090,0.000000001000000
11,80000,0.000000000004144,0.032703399658203,0.000000001000000
12,80000,0.000000000004144,0.051618814468384,0.000000001000000
1,100000,0.000000000002664,0.002866268157959,0.000000001000000
2,100000,0.000000000002645,0.001627922058105,0.000000001000000
3,100000,0.000000000002646,0.000981807708740,0.000000001000000
4,100000,0.000000000002649,0.007237195968628,0.000000001000000
5,100000,0.000000000002655,0.000845432281494,0.000000001000000
6,100000,0.000000000002655,0.012015819549561,0.000000001000000
7,100000,0.000000000002656,0.031690835952759,0.000000001000000
8,100000,0.000000000002655,0.039789438247681,0.000000001000000
9,100000,0.000000000002653,0.029990434646606,0.000000001000000
10,100000,0.000000000002653,0.031816005706787,0.000000001000000
11,100000,0.000000000002653,0.055665493011475,0.000000001000000
12,100000,0.000000000002652,0.062870502471924,0.000000001000000
1,200000,0.000000000000667,0.005809068679810,0.000000001000000
2,200000,0.000000000000665,0.006728172302246,0.000000001000000
3,200000,0.000000000000668,0.002018690109253,0.000000001000000
4,200000,0.000000000000666,0.001946687698364,0.000000001000000
5,200000,0.000000000000665,0.013246297836304,0.000000001000000
6,200000,0.000000000000666,0.013442754745483,0.000000001000000
7,200000,0.000000000000666,0.030929327011108,0.000000001000000
8,200000,0.000000000000666,0.040231466293335,0.000000001000000
9,200000,0.000000000000666,0.059698104858398,0.000000001000000
10,200000,0.000000000000663,0.050227165222168,0.000000001000000
11,200000,0.000000000000663,0.065879106521606,0.000000001000000
12,200000,0.000000000000663,0.049300193786621,0.000000001000000
1,400000,0.000000000000187,0.011901378631592,0.000000001000000
2,400000,0.000000000000151,0.005867719650269,0.000000001000000
3,400000,0.000000000000170,0.003849029541016,0.000000001000000
4,400000,0.000000000000167,0.002886056900024,0.000000001000000
5,400000,0.000000000000172,0.004428148269653,0.000000001000000
6,400000,0.000000000000169,0.019661426544189,0.000000001000000
7,400000,0.000000000000167,0.040183782577515,0.000000001000000
8,400000,0.000000000000168,0.061143875122070,0.000000001000000
9,400000,0.000000000000166,0.038123369216919,0.000000001000000
10,400000,0.000000000000164,0.051284790039062,0.000000001000000
11,400000,0.000000000000164,0.042775869369507,0.000000001000000
12,400000,0.000000000000163,0.071444749832153,0.000000001000000
1,600000,0.000000000000068,0.008831977844238,0.000000001000000
2,600000,0.000000000000084,0.005513191223145,0.000000001000000
3,600000,0.000000000000076,0.002990007400513,0.000000001000000
4,600000,0.000000000000080,0.003204584121704,0.000000001000000
5,600000,0.000000000000078,0.002031326293945,0.000000001000000
6,600000,0.000000000000076,0.015604734420776,0.000000001000000
7,600000,0.000000000000074,0.030237197875977,0.000000001000000
8,600000,0.000000000000073,0.045551538467407,0.000000001000000
9,600000,0.000000000000073,0.056102275848389,0.000000001000000
10,600000,0.000000000000074,0.066095590591431,0.000000001000000
11,600000,0.000000000000072,0.039640426635742,0.000000001000000
12,600000,0.000000000000072,0.048117876052856,0.000000001000000
1,800000,0.000000000000034,0.011729717254639,0.000000001000000
2,800000,0.000000000000050,0.006575107574463,0.000000001000000
3,800000,0.000000000000037,0.005669116973877,0.000000001000000
4,800000,0.000000000000034,0.003330945968628,0.000000001000000
5,800000,0.000000000000043,0.007834434509277,0.000000001000000
6,800000,0.000000000000040,0.022873401641846,0.000000001000000
7,800000,0.000000000000044,0.022621154785156,0.000000001000000
8,800000,0.000000000000042,0.047639131546021,0.000000001000000
9,800000,0.000000000000044,0.050137519836426,0.000000001000000
10,800000,0.000000000000042,0.030278682708740,0.000000001000000
11,800000,0.000000000000041,0.040791034698486,0.000000001000000
12,800000,0.000000000000042,0.043924093246460,0.000000001000000
1,1000000,0.000000000000009,0.014830589294434,0.000000001000000
2,1000000,0.000000000000046,0.012930393218994,0.000000001000000
3,1000000,0.000000000000037,0.005840539932251,0.000000001000000
4,1000000,0.000000000000035,0.009879350662231,0.000000001000000
5,1000000,0.000000000000040,0.006079435348511,0.000000001000000
6,1000000,0.000000000000033,0.017712116241455,0.000000001000000
7,1000000,0.000000000000036,0.042936086654663,0.000000001000000
8,1000000,0.000000000000031,0.038253068923950,0.000000001000000
9,1000000,0.000000000000027,0.058502435684204,0.000000001000000
10,1000000,0.000000000000025,0.039102792739868,0.000000001000000
11,1000000,0.000000000000023,0.052412271499634,0.000000001000000
12,1000000,0.000000000000026,0.062048912048340,0.000000001000000
1,2000000,0.000000000000064,0.029495000839233,0.000000001000000
2,2000000,0.000000000000022,0.015379190444946,0.000000001000000
3,2000000,0.000000000000019,0.014031171798706,0.000000001000000
4,2000000,0.000000000000011,0.010905504226685,0.000000001000000
5,2000000,0.000000000000012,0.015688419342041,0.000000001000000
6,2000000,0.000000000000003,0.015451669692993,0.000000001000000
7,2000000,0.000000000000006,0.043832778930664,0.000000001000000
8,2000000,0.000000000000004,0.068101644515991,0.000000001000000
9,2000000,0.000000000000003,0.044688940048218,0.000000001000000
10,2000000,0.000000000000002,0.044643163681030,0.000000001000000
11,2000000,0.000000000000011,0.059193849563599,0.000000001000000
12,2000000,0.000000000000008,0.051096916198730,0.000000001000000
1,4000000,0.000000000000035,0.058889389038086,0.000000001000000
2,4000000,0.000000000000005,0.029067754745483,0.000000001000000
3,4000000,0.000000000000005,0.022381305694580,0.000000001000000
4,4000000,0.000000000000011,0.025486946105957,0.000000001000000
5,4000000,0.000000000000004,0.015593290328979,0.000000001000000
6,4000000,0.000000000000008,0.055608749389648,0.000000001000000
7,4000000,0.000000000000008,0.050138711929321,0.000000001000000
8,4000000,0.000000000000010,0.096839904785156,0.000000001000000
9,4000000,0.000000000000008,0.070398569107056,0.000000001000000
10,4000000,0.000000000000007,0.070610284805298,0.000000001000000
11,4000000,0.000000000000011,0.054171800613403,0.000000001000000
12,4000000,0.000000000000004,0.065231561660767,0.000000001000000
1,6000000,0.000000000000074,0.088762998580933,0.000000001000000
2,6000000,0.000000000000033,0.046394348144531,0.000000001000000
3,6000000,0.000000000000000,0.034998178482056,0.000000001000000
4,6000000,0.000000000000012,0.045039176940918,0.000000001000000
5,6000000,0.000000000000011,0.023331880569458,0.000000001000000
6,6000000,0.000000000000008,0.040775299072266,0.000000001000000
7,6000000,0.000000000000005,0.068674802780151,0.000000001000000
8,6000000,0.000000000000001,0.085939645767212,0.000000001000000
9,6000000,0.000000000000001,0.054327964782715,0.000000001000000
10,6000000,0.000000000000001,0.082356452941895,0.000000001000000
11,6000000,0.000000000000002,0.043843269348145,0.000000001000000
12,6000000,0.000000000000002,0.074385881423950,0.000000001000000
1,8000000,0.000000000000089,0.135657787322998,0.000000001000000
2,8000000,0.000000000000033,0.059965133666992,0.000000001000000
3,8000000,0.000000000000001,0.046128273010254,0.000000001000000
4,8000000,0.000000000000013,0.038975477218628,0.000000001000000
5,8000000,0.000000000000035,0.085136413574219,0.000000001000000
6,8000000,0.000000000000001,0.056854486465454,0.000000001000000
7,8000000,0.000000000000001,0.090209960937500,0.000000001000000
8,8000000,0.000000000000000,0.102910518646240,0.000000001000000
9,8000000,0.000000000000001,0.130323171615601,0.000000001000000
10,8000000,0.000000000000001,0.107364177703857,0.000000001000000
11,8000000,0.000000000000004,0.050114631652832,0.000000001000000
12,8000000,0.000000000000009,0.084779262542725,0.000000001000000
1,10000000,0.000000000000020,0.162745475769043,0.000000001000000
2,10000000,0.000000000000061,0.079935550689697,0.000000001000000
3,10000000,0.000000000000038,0.057672977447510,0.000000001000000
4,10000000,0.000000000000034,0.055285453796387,0.000000001000000
5,10000000,0.000000000000025,0.075971841812134,0.000000001000000
6,10000000,0.000000000000007,0.079109907150269,0.000000001000000
7,10000000,0.000000000000001,0.111366987228394,0.000000001000000
8,10000000,0.000000000000004,0.126823663711548,0.000000001000000
9,10000000,0.000000000000000,0.098487615585327,0.000000001000000
10,10000000,0.000000000000000,0.138660430908203,0.000000001000000
11,10000000,0.000000000000004,0.094173192977905,0.000000001000000
12,10000000,0.000000000000008,0.126556158065796,0.000000001000000
1,20000000,0.000000000000053,0.339745521545410,0.000000001000000
2,20000000,0.000000000000008,0.177964925765991,0.000000001000000
3,20000000,0.000000000000025,0.100512742996216,0.000000001000000
4,20000000,0.000000000000067,0.071419954299927,0.000000001000000
5,20000000,0.000000000000046,0.149056911468506,0.000000001000000
6,20000000,0.000000000000027,0.096642971038818,0.000000001000000
7,20000000,0.000000000000000,0.173346519470215,0.000000001000000
8,20000000,0.000000000000011,0.247325420379639,0.000000001000000
9,20000000,0.000000000000005,0.190636873245239,0.000000001000000
10,20000000,0.000000000000005,0.192694425582886,0.000000001000000
11,20000000,0.000000000000003,0.203139543533325,0.000000001000000
12,20000000,0.000000000000007,0.178570985794067,0.000000001000000
1,40000000,0.000000000000316,0.592300176620483,0.000000001000000
2,40000000,0.000000000000121,0.288887023925781,0.000000001000000
3,40000000,0.000000000000123,0.195324659347534,0.000000001000000
4,40000000,0.000000000000049,0.176808595657349,0.000000001000000
5,40000000,0.000000000000035,0.207565069198608,0.000000001000000
6,40000000,0.000000000000009,0.299077033996582,0.000000001000000
7,40000000,0.000000000000037,0.402273416519165,0.000000001000000
8,40000000,0.000000000000034,0.310845613479614,0.000000001000000
9,40000000,0.000000000000028,0.355315685272217,0.000000001000000
10,40000000,0.000000000000020,0.347280025482178,0.000000001000000
11,40000000,0.000000000000027,0.310270309448242,0.000000001000000
12,40000000,0.000000000000020,0.286942958831787,0.000000001000000
1,60000000,0.000000000000152,0.847664833068848,0.000000001000000
2,60000000,0.000000000000134,0.425505876541138,0.000000001000000
3,60000000,0.000000000000050,0.290910959243774,0.000000001000000
4,60000000,0.000000000000071,0.251860380172729,0.000000001000000
5,60000000,0.000000000000015,0.345119237899780,0.000000001000000
6,60000000,0.000000000000028,0.323735475540161,0.000000001000000
7,60000000,0.000000000000024,0.482805013656616,0.000000001000000
8,60000000,0.000000000000009,0.525119304656982,0.000000001000000
9,60000000,0.000000000000002,0.475048780441284,0.000000001000000
10,60000000,0.000000000000010,0.447564363479614,0.000000001000000
11,60000000,0.000000000000003,0.369123458862305,0.000000001000000
12,60000000,0.000000000000027,0.418680191040039,0.000000001000000
1,80000000,0.000000000000248,1.141177415847778,0.000000001000000
2,80000000,0.000000000000060,0.564566850662231,0.000000001000000
3,80000000,0.000000000000121,0.378719806671143,0.000000001000000
4,80000000,0.000000000000059,0.288501977920532,0.000000001000000
5,80000000,0.000000000000017,0.298529148101807,0.000000001000000
6,80000000,0.000000000000010,0.475634574890137,0.000000001000000
7,80000000,0.000000000000003,0.587167739868164,0.000000001000000
8,80000000,0.000000000000041,0.778196573257446,0.000000001000000
9,80000000,0.000000000000047,0.651216268539429,0.000000001000000
10,80000000,0.000000000000047,0.639074563980103,0.000000001000000
11,80000000,0.000000000000041,0.582975149154663,0.000000001000000
12,80000000,0.000000000000054,0.506035089492798,0.000000001000000
1,100000000,0.000000000000202,1.392577886581421,0.000000001000000
2,100000000,0.000000000000073,0.754104375839233,0.000000001000000
3,100000000,0.000000000000115,0.475458383560181,0.000000001000000
4,100000000,0.000000000000135,0.389245986938477,0.000000001000000
5,100000000,0.000000000000048,0.415669679641724,0.000000001000000
6,100000000,0.000000000000038,0.663712739944458,0.000000001000000
7,100000000,0.000000000000041,0.711647272109985,0.000000001000000
8,100000000,0.000000000000057,0.983495473861694,0.000000001000000
9,100000000,0.000000000000013,0.794789314270020,0.000000001000000
10,100000000,0.000000000000015,0.671586513519287,0.000000001000000
11,100000000,0.000000000000018,0.615225076675415,0.000000001000000
12,100000000,0.000000000000017,0.751359462738037,0.000000001000000
1,200000000,0.000000000000218,2.802927970886230,0.000000001000000
2,200000000,0.000000000000138,1.404595613479614,0.000000001000000
3,200000000,0.000000000000080,0.946676492691040,0.000000001000000
4,200000000,0.000000000000019,0.764946222305298,0.000000001000000
5,200000000,0.000000000000009,0.743942499160767,0.000000001000000
6,200000000,0.000000000000000,1.145666599273682,0.000000001000000
7,200000000,0.000000000000001,1.517510652542114,0.000000001000000
8,200000000,0.000000000000041,1.698434591293335,0.000000001000000
9,200000000,0.000000000000005,1.543043851852417,0.000000001000000
10,200000000,0.000000000000015,1.367703676223755,0.000000001000000
11,200000000,0.000000000000018,1.199128150939941,0.000000001000000
12,200000000,0.000000000000010,1.107099771499634,0.000000001000000
1,400000000,0.000000000000077,5.871313095092773,0.000000001000000
2,400000000,0.000000000000085,2.875348091125488,0.000000001000000
3,400000000,0.000000000000010,1.890115737915039,0.000000001000000
4,400000000,0.000000000000043,1.516116619110107,0.000000001000000
5,400000000,0.000000000000042,1.321756362915039,0.000000001000000
6,400000000,0.000000000000055,2.304474115371704,0.000000001000000
7,400000000,0.000000000000030,2.985780239105225,0.000000001000000
8,400000000,0.000000000000033,3.459192752838135,0.000000001000000
9,400000000,0.000000000000001,3.137624502182007,0.000000001000000
10,400000000,0.000000000000001,2.642377138137817,0.000000001000000
11,400000000,0.000000000000006,2.523516416549683,0.000000001000000
12,400000000,0.000000000000007,2.335569858551025,0.000000001000000
1,600000000,0.000000000000134,8.515722036361694,0.000000001000000
2,600000000,0.000000000000074,4.207314252853394,0.000000001000000
3,600000000,0.000000000000021,2.830882549285889,0.000000001000000
4,600000000,0.000000000000012,2.569360733032227,0.000000001000000
5,600000000,0.000000000000033,2.349025487899780,0.000000001000000
6,600000000,0.000000000000088,3.401057720184326,0.000000001000000
7,600000000,0.000000000000085,4.354025125503540,0.000000001000000
8,600000000,0.000000000000079,5.045228958129883,0.000000001000000
9,600000000,0.000000000000067,4.590018510818481,0.000000001000000
10,600000000,0.000000000000063,4.009692192077637,0.000000001000000
11,600000000,0.000000000000033,3.668080091476440,0.000000001000000
12,600000000,0.000000000000025,3.421892642974854,0.000000001000000
1,800000000,0.000000000000266,11.202035427093506,0.000000001000000
2,800000000,0.000000000000095,5.600451707839966,0.000000001000000
3,800000000,0.000000000000080,3.773920297622681,0.000000001000000
4,800000000,0.000000000000023,3.098798751831055,0.000000001000000
5,800000000,0.000000000000044,2.764739751815796,0.000000001000000
6,800000000,0.000000000000014,4.516641139984131,0.000000001000000
7,800000000,0.000000000000001,5.725410461425781,0.000000001000000
8,800000000,0.000000000000002,6.877547979354858,0.000000001000000
9,800000000,0.000000000000011,6.142814636230469,0.000000001000000
10,800000000,0.000000000000020,5.496589660644531,0.000000001000000
11,800000000,0.000000000000011,5.000376939773560,0.000000001000000
12,800000000,0.000000000000003,4.467257738113403,0.000000001000000
1,1000000000,0.000000000000057,14.021965265274048,0.000000001000000
2,1000000000,0.000000000000068,7.001424074172974,0.000000001000000
3,1000000000,0.000000000000039,4.720898866653442,0.000000001000000
4,1000000000,0.000000000000008,3.788072109222412,0.000000001000000
5,1000000000,0.000000000000032,3.317323207855225,0.000000001000000
6,1000000000,0.000000000000028,5.731884956359863,0.000000001000000
7,1000000000,0.000000000000034,7.225797653198242,0.000000001000000
8,1000000000,0.000000000000011,8.399820327758789,0.000000001000000
9,1000000000,0.000000000000014,7.486644506454468,0.000000001000000
10,1000000000,0.000000000000019,6.724265336990356,0.000000001000000
11,1000000000,0.000000000000017,6.088114261627197,0.000000001000000
12,1000000000,0.000000000000015,5.616499662399292,0.000000001000000
