1,20,0.000066312351325,0.000015497207642,0.000000001000000
2,20,0.000066312351325,0.000041007995605,0.000000001000000
4,20,0.000066312351325,0.003904342651367,0.000000001000000
6,20,0.000066312351325,0.014355421066284,0.000000001000000
8,20,0.000066312351325,0.048704147338867,0.000000001000000
10,20,0.000066312351325,0.033345460891724,0.000000001000000
12,20,0.000066312351325,0.048724412918091,0.000000001000000
1,40,0.000016578502332,0.000016927719116,0.000000001000000
2,40,0.000016578502332,0.000045061111450,0.000000001000000
4,40,0.000016578502332,0.000036954879761,0.000000001000000
6,40,0.000016578502331,0.019180297851562,0.000000001000000
8,40,0.000016578502332,0.032357454299927,0.000000001000000
10,40,0.000016578502331,0.029898166656494,0.000000001000000
12,40,0.000016578502331,0.065911531448364,0.000000001000000
1,60,0.000007368257244,0.000020027160645,0.000000001000000
2,60,0.000007368257244,0.000058412551880,0.000000001000000
4,60,0.000007368257244,0.000159978866577,0.000000001000000
6,60,0.000007368257244,0.009791851043701,0.000000001000000
8,60,0.000007368257244,0.032548427581787,0.000000001000000
10,60,0.000007368257244,0.040956974029541,0.000000001000000
12,60,0.000007368257244,0.063548088073730,0.000000001000000
1,80,0.000004144651385,0.000018358230591,0.000000001000000
2,80,0.000004144651385,0.000044822692871,0.000000001000000
4,80,0.000004144651385,0.007791519165039,0.000000001000000
6,80,0.000004144651385,0.002513170242310,0.000000001000000
8,80,0.000004144651385,0.045224666595459,0.000000001000000
10,80,0.000004144651385,0.031990289688110,0.000000001000000
12,80,0.000004144651385,0.049302339553833,0.000000001000000
1,100,0.000002652578866,0.000019073486328,0.000000001000000
2,100,0.000002652578866,0.000035047531128,0.000000001000000
4,100,0.000002652578866,0.011307716369629,0.000000001000000
6,100,0.000002652578866,0.020939588546753,0.000000001000000
8,100,0.000002652578866,0.027921676635742,0.000000001000000
10,100,0.000002652578866,0.036945819854736,0.000000001000000
12,100,0.000002652578866,0.060616254806519,0.000000001000000
1,200,0.000000663145376,0.000015497207642,0.000000001000000
2,200,0.000000663145376,0.000034093856812,0.000000001000000
4,200,0.000000663145376,0.008154630661011,0.000000001000000
6,200,0.000000663145376,0.008224010467529,0.000000001000000
8,200,0.000000663145376,0.026377677917480,0.000000001000000
10,200,0.000000663145376,0.039242506027222,0.000000001000000
12,200,0.000000663145376,0.044675350189209,0.000000001000000
1,400,0.000000165786386,0.000015974044800,0.000000001000000
2,400,0.000000165786385,0.000070810317993,0.000000001000000
4,400,0.000000165786386,0.003694534301758,0.000000001000000
6,400,0.000000165786385,0.011971473693848,0.000000001000000
8,400,0.000000165786385,0.020927906036377,0.000000001000000
10,400,0.000000165786385,0.037188768386841,0.000000001000000
12,400,0.000000165786386,0.065993547439575,0.000000001000000
1,600,0.000000073682842,0.000020503997803,0.000000001000000
2,600,0.000000073682841,0.000412702560425,0.000000001000000
4,600,0.000000073682841,0.011868238449097,0.000000001000000
6,600,0.000000073682841,0.013739585876465,0.000000001000000
8,600,0.000000073682841,0.030787467956543,0.000000001000000
10,600,0.000000073682842,0.024670124053955,0.000000001000000
12,600,0.000000073682842,0.044836997985840,0.000000001000000
1,800,0.000000041446597,0.000021219253540,0.000000001000000
2,800,0.000000041446599,0.000033617019653,0.000000001000000
4,800,0.000000041446599,0.008042812347412,0.000000001000000
6,800,0.000000041446599,0.014497756958008,0.000000001000000
8,800,0.000000041446599,0.007949352264404,0.000000001000000
10,800,0.000000041446599,0.061886072158813,0.000000001000000
12,800,0.000000041446599,0.030656814575195,0.000000001000000
1,1000,0.000000026525822,0.000023841857910,0.000000001000000
2,1000,0.000000026525823,0.000098228454590,0.000000001000000
4,1000,0.000000026525824,0.007466554641724,0.000000001000000
6,1000,0.000000026525824,0.015599250793457,0.000000001000000
8,1000,0.000000026525823,0.045997619628906,0.000000001000000
10,1000,0.000000026525823,0.036043167114258,0.000000001000000
12,1000,0.000000026525823,0.047892332077026,0.000000001000000
1,2000,0.000000006631454,0.000072002410889,0.000000001000000
2,2000,0.000000006631456,0.000078439712524,0.000000001000000
4,2000,0.000000006631456,0.000328540802002,0.000000001000000
6,2000,0.000000006631456,0.010242700576782,0.000000001000000
8,2000,0.000000006631456,0.045417070388794,0.000000001000000
10,2000,0.000000006631456,0.045181751251221,0.000000001000000
12,2000,0.000000006631456,0.076976060867310,0.000000001000000
1,4000,0.000000001657870,0.000128746032715,0.000000001000000
2,4000,0.000000001657865,0.000089645385742,0.000000001000000
4,4000,0.000000001657863,0.003297090530396,0.000000001000000
6,4000,0.000000001657864,0.004075765609741,0.000000001000000
8,4000,0.000000001657864,0.055166244506836,0.000000001000000
10,4000,0.000000001657864,0.041179656982422,0.000000001000000
12,4000,0.000000001657864,0.054579257965088,0.000000001000000
1,6000,0.000000000736828,0.000183820724487,0.000000001000000
2,6000,0.000000000736828,0.000119924545288,0.000000001000000
4,6000,0.000000000736828,0.002428770065308,0.000000001000000
6,6000,0.000000000736829,0.001924276351929,0.000000001000000
8,6000,0.000000000736829,0.027401685714722,0.000000001000000
10,6000,0.000000000736829,0.066817998886108,0.000000001000000
12,6000,0.000000000736829,0.064246177673340,0.000000001000000
1,8000,0.000000000414466,0.000254154205322,0.000000001000000
2,8000,0.000000000414466,0.000166416168213,0.000000001000000
4,8000,0.000000000414465,0.000097751617432,0.000000001000000
6,8000,0.000000000414466,0.002112627029419,0.000000001000000
8,8000,0.000000000414466,0.034108638763428,0.000000001000000
10,8000,0.000000000414466,0.031770706176758,0.000000001000000
12,8000,0.000000000414466,0.056308984756470,0.000000001000000
1,10000,0.000000000265261,0.000150918960571,0.000000001000000
2,10000,0.000000000265260,0.000095605850220,0.000000001000000
4,10000,0.000000000265257,0.000060558319092,0.000000001000000
6,10000,0.000000000265257,0.000321388244629,0.000000001000000
8,10000,0.000000000265258,0.034765481948853,0.000000001000000
10,10000,0.000000000265258,0.035631418228149,0.000000001000000
12,10000,0.000000000265258,0.051383018493652,0.000000001000000
1,20000,0.000000000066314,0.000599384307861,0.000000001000000
2,20000,0.000000000066316,0.000353097915649,0.000000001000000
4,20000,0.000000000066316,0.003647089004517,0.000000001000000
6,20000,0.000000000066314,0.010790348052979,0.000000001000000
8,20000,0.000000000066315,0.049590826034546,0.000000001000000
10,20000,0.000000000066315,0.189300775527954,0.000000001000000
12,20000,0.000000000066315,0.047771453857422,0.000000001000000
1,40000,0.000000000016589,0.001199722290039,0.000000001000000
2,40000,0.000000000016573,0.000697374343872,0.000000001000000
4,40000,0.000000000016579,0.002882003784180,0.000000001000000
6,40000,0.000000000016578,0.002169132232666,0.000000001000000
8,40000,0.000000000016578,0.058663368225098,0.000000001000000
10,40000,0.000000000016578,0.043453454971313,0.000000001000000
12,40000,0.000000000016578,0.059790611267090,0.000000001000000
1,60000,0.000000000007373,0.001790046691895,0.000000001000000
2,60000,0.000000000007366,0.000946044921875,0.000000001000000
4,60000,0.000000000007370,0.000227451324463,0.000000001000000
6,60000,0.000000000007369,0.007054805755615,0.000000001000000
8,60000,0.000000000007369,0.085529804229736,0.000000001000000
10,60000,0.000000000007369,0.041539430618286,0.000000001000000
12,60000,0.000000000007369,0.062789678573608,0.000000001000000
1,80000,0.000000000004148,0.002333879470825,0.000000001000000
2,80000,0.000000000004150,0.001295804977417,0.000000001000000
4,80000,0.000000000004145,0.000618696212769,0.000000001000000
6,80000,0.000000000004144,0.007296800613403,0.000000001000000
8,80000,0.000000000004145,0.024190664291382,0.000000001000000
10,80000,0.000000000004144,0.040224790573120,0.000000001000000
12,80000,0.000000000004144,0.042135238647461,0.000000001000000
1,100000,0.000000000002664,0.003059864044189,0.000000001000000
2,100000,0.000000000002645,0.000896692276001,0.000000001000000
4,100000,0.000000000002649,0.006882429122925,0.000000001000000
6,100000,0.000000000002655,0.019892215728760,0.000000001000000
8,100000,0.000000000002655,0.037893772125244,0.000000001000000
10,100000,0.000000000002653,0.050386190414429,0.000000001000000
12,100000,0.000000000002652,0.050268173217773,0.000000001000000
1,200000,0.000000000000667,0.006031990051270,0.000000001000000
2,200000,0.000000000000665,0.002917766571045,0.000000001000000
4,200000,0.000000000000666,0.017836093902588,0.000000001000000
6,200000,0.000000000000666,0.009634733200073,0.000000001000000
8,200000,0.000000000000666,0.047170877456665,0.000000001000000
10,200000,0.000000000000663,0.029627084732056,0.000000001000000
12,200000,0.000000000000663,0.039545536041260,0.000000001000000
1,400000,0.000000000000187,0.012283802032471,0.000000001000000
2,400000,0.000000000000151,0.007549524307251,0.000000001000000
4,400000,0.000000000000167,0.016505241394043,0.000000001000000
6,400000,0.000000000000169,0.005732536315918,0.000000001000000
8,400000,0.000000000000168,0.058744668960571,0.000000001000000
10,400000,0.000000000000164,0.047543525695801,0.000000001000000
12,400000,0.000000000000163,0.060005426406860,0.000000001000000
1,600000,0.000000000000068,0.018458127975464,0.000000001000000
2,600000,0.000000000000084,0.008879423141479,0.000000001000000
4,600000,0.000000000000080,0.007127046585083,0.000000001000000
6,600000,0.000000000000076,0.003100395202637,0.000000001000000
8,600000,0.000000000000073,0.068968772888184,0.000000001000000
10,600000,0.000000000000074,0.033843278884888,0.000000001000000
12,600000,0.000000000000072,0.051853656768799,0.000000001000000
1,800000,0.000000000000034,0.024520635604858,0.000000001000000
2,800000,0.000000000000050,0.014997959136963,0.000000001000000
4,800000,0.000000000000034,0.006199836730957,0.000000001000000
6,800000,0.000000000000040,0.017827033996582,0.000000001000000
8,800000,0.000000000000042,0.017669439315796,0.000000001000000
10,800000,0.000000000000042,0.033733606338501,0.000000001000000
12,800000,0.000000000000042,0.045758724212646,0.000000001000000
1,1000000,0.000000000000009,0.030075311660767,0.000000001000000
2,1000000,0.000000000000046,0.015471220016479,0.000000001000000
4,1000000,0.000000000000035,0.009926557540894,0.000000001000000
6,1000000,0.000000000000033,0.015427827835083,0.000000001000000
8,1000000,0.000000000000031,0.067301034927368,0.000000001000000
10,1000000,0.000000000000025,0.049746513366699,0.000000001000000
12,1000000,0.000000000000026,0.089682102203369,0.000000001000000
1,20,0.000066312351325,0.000015497207642,0.000000001000000
2,20,0.000066312351325,0.000032663345337,0.000000001000000
4,20,0.000066312351325,0.000293016433716,0.000000001000000
6,20,0.000066312351325,0.015277862548828,0.000000001000000
8,20,0.000066312351325,0.061714887619019,0.000000001000000
10,20,0.000066312351325,0.051395893096924,0.000000001000000
12,20,0.000066312351325,0.054784536361694,0.000000001000000
1,40,0.000016578502332,0.000012397766113,0.000000001000000
2,40,0.000016578502332,0.000023603439331,0.000000001000000
4,40,0.000016578502332,0.007945060729980,0.000000001000000
6,40,0.000016578502331,0.019895553588867,0.000000001000000
8,40,0.000016578502332,0.047743558883667,0.000000001000000
10,40,0.000016578502331,0.051112651824951,0.000000001000000
12,40,0.000016578502331,0.025970697402954,0.000000001000000
1,60,0.000007368257244,0.000010728836060,0.000000001000000
2,60,0.000007368257244,0.000021934509277,0.000000001000000
4,60,0.000007368257244,0.000053167343140,0.000000001000000
6,60,0.000007368257244,0.005810976028442,0.000000001000000
8,60,0.000007368257244,0.042304277420044,0.000000001000000
10,60,0.000007368257244,0.031428098678589,0.000000001000000
12,60,0.000007368257244,0.057899475097656,0.000000001000000
1,80,0.000004144651385,0.000017404556274,0.000000001000000
2,80,0.000004144651385,0.000061273574829,0.000000001000000
4,80,0.000004144651385,0.000841617584229,0.000000001000000
6,80,0.000004144651385,0.015898227691650,0.000000001000000
8,80,0.000004144651385,0.058534860610962,0.000000001000000
10,80,0.000004144651385,0.010998010635376,0.000000001000000
12,80,0.000004144651385,0.064183712005615,0.000000001000000
1,100,0.000002652578866,0.000013589859009,0.000000001000000
2,100,0.000002652578866,0.000035762786865,0.000000001000000
4,100,0.000002652578866,0.003397226333618,0.000000001000000
6,100,0.000002652578866,0.009902715682983,0.000000001000000
8,100,0.000002652578866,0.060269594192505,0.000000001000000
10,100,0.000002652578866,0.048311471939087,0.000000001000000
12,100,0.000002652578866,0.036785364151001,0.000000001000000
1,200,0.000000663145376,0.000022649765015,0.000000001000000
2,200,0.000000663145376,0.000035524368286,0.000000001000000
4,200,0.000000663145376,0.006480216979980,0.000000001000000
6,200,0.000000663145376,0.004607915878296,0.000000001000000
8,200,0.000000663145376,0.041882514953613,0.000000001000000
10,200,0.000000663145376,0.031990528106689,0.000000001000000
12,200,0.000000663145376,0.085070371627808,0.000000001000000
1,400,0.000000165786386,0.000015020370483,0.000000001000000
2,400,0.000000165786385,0.000053644180298,0.000000001000000
4,400,0.000000165786386,0.000017642974854,0.000000001000000
6,400,0.000000165786385,0.002395868301392,0.000000001000000
8,400,0.000000165786385,0.041993856430054,0.000000001000000
10,400,0.000000165786385,0.036265850067139,0.000000001000000
12,400,0.000000165786386,0.051635265350342,0.000000001000000
1,600,0.000000073682842,0.000082731246948,0.000000001000000
2,600,0.000000073682841,0.000043630599976,0.000000001000000
4,600,0.000000073682841,0.001215934753418,0.000000001000000
6,600,0.000000073682841,0.001089334487915,0.000000001000000
8,600,0.000000073682841,0.053353309631348,0.000000001000000
10,600,0.000000073682842,0.020764350891113,0.000000001000000
12,600,0.000000073682842,0.035264730453491,0.000000001000000
1,800,0.000000041446597,0.000038623809814,0.000000001000000
2,800,0.000000041446599,0.000025510787964,0.000000001000000
4,800,0.000000041446599,0.000018358230591,0.000000001000000
6,800,0.000000041446599,0.002792835235596,0.000000001000000
8,800,0.000000041446599,0.038538217544556,0.000000001000000
10,800,0.000000041446599,0.059197902679443,0.000000001000000
12,800,0.000000041446599,0.057705879211426,0.000000001000000
1,1000,0.000000026525822,0.000044345855713,0.000000001000000
2,1000,0.000000026525823,0.007624626159668,0.000000001000000
4,1000,0.000000026525824,0.000362157821655,0.000000001000000
6,1000,0.000000026525824,0.012206315994263,0.000000001000000
8,1000,0.000000026525823,0.047445774078369,0.000000001000000
10,1000,0.000000026525823,0.034730672836304,0.000000001000000
12,1000,0.000000026525823,0.034322738647461,0.000000001000000
1,2000,0.000000006631454,0.000036716461182,0.000000001000000
2,2000,0.000000006631456,0.000071287155151,0.000000001000000
4,2000,0.000000006631456,0.003922700881958,0.000000001000000
6,2000,0.000000006631456,0.005919933319092,0.000000001000000
8,2000,0.000000006631456,0.034453630447388,0.000000001000000
10,2000,0.000000006631456,0.022229909896851,0.000000001000000
12,2000,0.000000006631456,0.043426036834717,0.000000001000000
1,4000,0.000000001657870,0.000128746032715,0.000000001000000
2,4000,0.000000001657865,0.000104188919067,0.000000001000000
4,4000,0.000000001657863,0.007889032363892,0.000000001000000
6,4000,0.000000001657864,0.018701076507568,0.000000001000000
8,4000,0.000000001657864,0.029577016830444,0.000000001000000
10,4000,0.000000001657864,0.023243188858032,0.000000001000000
12,4000,0.000000001657864,0.067252159118652,0.000000001000000
1,6000,0.000000000736828,0.000197649002075,0.000000001000000
2,6000,0.000000000736828,0.000119924545288,0.000000001000000
4,6000,0.000000000736828,0.000107526779175,0.000000001000000
6,6000,0.000000000736829,0.015615701675415,0.000000001000000
8,6000,0.000000000736829,0.015255689620972,0.000000001000000
10,6000,0.000000000736829,0.032510519027710,0.000000001000000
12,6000,0.000000000736829,0.047531843185425,0.000000001000000
1,8000,0.000000000414466,0.000574588775635,0.000000001000000
2,8000,0.000000000414466,0.003028631210327,0.000000001000000
4,8000,0.000000000414465,0.011987209320068,0.000000001000000
6,8000,0.000000000414466,0.002720355987549,0.000000001000000
8,8000,0.000000000414466,0.031633138656616,0.000000001000000
10,8000,0.000000000414466,0.031890153884888,0.000000001000000
12,8000,0.000000000414466,0.038778781890869,0.000000001000000
1,10000,0.000000000265261,0.000483274459839,0.000000001000000
2,10000,0.000000000265260,0.000192880630493,0.000000001000000
4,10000,0.000000000265257,0.003877639770508,0.000000001000000
6,10000,0.000000000265257,0.018571138381958,0.000000001000000
8,10000,0.000000000265258,0.024848937988281,0.000000001000000
10,10000,0.000000000265258,0.045628786087036,0.000000001000000
12,10000,0.000000000265258,0.062012434005737,0.000000001000000
1,20000,0.000000000066314,0.000637292861938,0.000000001000000
2,20000,0.000000000066316,0.000316143035889,0.000000001000000
4,20000,0.000000000066316,0.000353813171387,0.000000001000000
6,20000,0.000000000066314,0.010172367095947,0.000000001000000
8,20000,0.000000000066315,0.079805374145508,0.000000001000000
10,20000,0.000000000066315,0.025249958038330,0.000000001000000
12,20000,0.000000000066315,0.084360837936401,0.000000001000000
1,40000,0.000000000016589,0.001445055007935,0.000000001000000
2,40000,0.000000000016573,0.004576206207275,0.000000001000000
4,40000,0.000000000016579,0.000178813934326,0.000000001000000
6,40000,0.000000000016578,0.018000364303589,0.000000001000000
8,40000,0.000000000016578,0.036650896072388,0.000000001000000
10,40000,0.000000000016578,0.040148019790649,0.000000001000000
12,40000,0.000000000016578,0.049601078033447,0.000000001000000
1,60000,0.000000000007373,0.001900911331177,0.000000001000000
2,60000,0.000000000007366,0.000946521759033,0.000000001000000
4,60000,0.000000000007370,0.039048910140991,0.000000001000000
6,60000,0.000000000007369,0.013533830642700,0.000000001000000
8,60000,0.000000000007369,0.068702459335327,0.000000001000000
10,60000,0.000000000007369,0.073320865631104,0.000000001000000
12,60000,0.000000000007369,0.034729242324829,0.000000001000000
1,80000,0.000000000004148,0.002452850341797,0.000000001000000
2,80000,0.000000000004150,0.001241207122803,0.000000001000000
4,80000,0.000000000004145,0.010440826416016,0.000000001000000
6,80000,0.000000000004144,0.012291193008423,0.000000001000000
8,80000,0.000000000004145,0.045922040939331,0.000000001000000
10,80000,0.000000000004144,0.042239904403687,0.000000001000000
12,80000,0.000000000004144,0.046674728393555,0.000000001000000
1,100000,0.000000000002664,0.002913951873779,0.000000001000000
2,100000,0.000000000002645,0.003176212310791,0.000000001000000
4,100000,0.000000000002649,0.001317977905273,0.000000001000000
6,100000,0.000000000002655,0.023729562759399,0.000000001000000
8,100000,0.000000000002655,0.078824520111084,0.000000001000000
10,100000,0.000000000002653,0.050306081771851,0.000000001000000
12,100000,0.000000000002652,0.061905860900879,0.000000001000000
1,200000,0.000000000000667,0.006055831909180,0.000000001000000
2,200000,0.000000000000665,0.003213167190552,0.000000001000000
4,200000,0.000000000000666,0.005411863327026,0.000000001000000
6,200000,0.000000000000666,0.023282289505005,0.000000001000000
8,200000,0.000000000000666,0.051205873489380,0.000000001000000
10,200000,0.000000000000663,0.050592422485352,0.000000001000000
12,200000,0.000000000000663,0.051704406738281,0.000000001000000
1,400000,0.000000000000187,0.011686325073242,0.000000001000000
2,400000,0.000000000000151,0.006027460098267,0.000000001000000
4,400000,0.000000000000167,0.016202688217163,0.000000001000000
6,400000,0.000000000000169,0.026093244552612,0.000000001000000
8,400000,0.000000000000168,0.070203781127930,0.000000001000000
10,400000,0.000000000000164,0.042403221130371,0.000000001000000
12,400000,0.000000000000163,0.066823005676270,0.000000001000000
1,600000,0.000000000000068,0.017454624176025,0.000000001000000
2,600000,0.000000000000084,0.009352207183838,0.000000001000000
4,600000,0.000000000000080,0.006114006042480,0.000000001000000
6,600000,0.000000000000076,0.004093647003174,0.000000001000000
8,600000,0.000000000000073,0.055261135101318,0.000000001000000
10,600000,0.000000000000074,0.030319452285767,0.000000001000000
12,600000,0.000000000000072,0.057595014572144,0.000000001000000
1,800000,0.000000000000034,0.023156881332397,0.000000001000000
2,800000,0.000000000000050,0.012695550918579,0.000000001000000
4,800000,0.000000000000034,0.005763530731201,0.000000001000000
6,800000,0.000000000000040,0.009755611419678,0.000000001000000
8,800000,0.000000000000042,0.072178125381470,0.000000001000000
10,800000,0.000000000000042,0.067413806915283,0.000000001000000
12,800000,0.000000000000042,0.073556423187256,0.000000001000000
1,1000000,0.000000000000009,0.029226779937744,0.000000001000000
2,1000000,0.000000000000046,0.015124559402466,0.000000001000000
4,1000000,0.000000000000035,0.007290840148926,0.000000001000000
6,1000000,0.000000000000033,0.018861293792725,0.000000001000000
8,1000000,0.000000000000031,0.047474145889282,0.000000001000000
10,1000000,0.000000000000025,0.058964490890503,0.000000001000000
12,1000000,0.000000000000026,0.075955390930176,0.000000001000000
1,20,0.000066312351325,0.000009536743164,0.000000001000000
2,20,0.000066312351325,0.000025987625122,0.000000001000000
4,20,0.000066312351325,0.000243663787842,0.000000001000000
6,20,0.000066312351325,0.004588603973389,0.000000001000000
8,20,0.000066312351325,0.063289642333984,0.000000001000000
10,20,0.000066312351325,0.053273677825928,0.000000001000000
12,20,0.000066312351325,0.052271127700806,0.000000001000000
1,40,0.000016578502332,0.000018119812012,0.000000001000000
2,40,0.000016578502332,0.000041484832764,0.000000001000000
4,40,0.000016578502332,0.014123439788818,0.000000001000000
6,40,0.000016578502331,0.025449752807617,0.000000001000000
8,40,0.000016578502332,0.039647102355957,0.000000001000000
10,40,0.000016578502331,0.066425800323486,0.000000001000000
12,40,0.000016578502331,0.061823129653931,0.000000001000000
1,60,0.000007368257244,0.000018358230591,0.000000001000000
2,60,0.000007368257244,0.000035762786865,0.000000001000000
4,60,0.000007368257244,0.005518674850464,0.000000001000000
6,60,0.000007368257244,0.003593206405640,0.000000001000000
8,60,0.000007368257244,0.037402391433716,0.000000001000000
10,60,0.000007368257244,0.069780826568604,0.000000001000000
12,60,0.000007368257244,0.048282146453857,0.000000001000000
1,80,0.000004144651385,0.000018358230591,0.000000001000000
2,80,0.000004144651385,0.000034809112549,0.000000001000000
4,80,0.000004144651385,0.001127004623413,0.000000001000000
6,80,0.000004144651385,0.018036603927612,0.000000001000000
8,80,0.000004144651385,0.055310010910034,0.000000001000000
10,80,0.000004144651385,0.039269447326660,0.000000001000000
12,80,0.000004144651385,0.078407526016235,0.000000001000000
1,100,0.000002652578866,0.000019550323486,0.000000001000000
2,100,0.000002652578866,0.000041484832764,0.000000001000000
4,100,0.000002652578866,0.010354995727539,0.000000001000000
6,100,0.000002652578866,0.016117095947266,0.000000001000000
8,100,0.000002652578866,0.015979051589966,0.000000001000000
10,100,0.000002652578866,0.038761138916016,0.000000001000000
12,100,0.000002652578866,0.035148620605469,0.000000001000000
1,200,0.000000663145376,0.000020980834961,0.000000001000000
2,200,0.000000663145376,0.005666255950928,0.000000001000000
4,200,0.000000663145376,0.000326871871948,0.000000001000000
6,200,0.000000663145376,0.008707523345947,0.000000001000000
8,200,0.000000663145376,0.073540210723877,0.000000001000000
10,200,0.000000663145376,0.026292085647583,0.000000001000000
12,200,0.000000663145376,0.041956424713135,0.000000001000000
1,400,0.000000165786386,0.000027656555176,0.000000001000000
2,400,0.000000165786385,0.000041007995605,0.000000001000000
4,400,0.000000165786386,0.010463237762451,0.000000001000000
6,400,0.000000165786385,0.033978462219238,0.000000001000000
8,400,0.000000165786385,0.062643766403198,0.000000001000000
10,400,0.000000165786385,0.058607101440430,0.000000001000000
12,400,0.000000165786386,0.048771619796753,0.000000001000000
1,600,0.000000073682842,0.000034093856812,0.000000001000000
2,600,0.000000073682841,0.007839679718018,0.000000001000000
4,600,0.000000073682841,0.007929325103760,0.000000001000000
6,600,0.000000073682841,0.030820846557617,0.000000001000000
8,600,0.000000073682841,0.018655300140381,0.000000001000000
10,600,0.000000073682842,0.026034116744995,0.000000001000000
12,600,0.000000073682842,0.043666839599609,0.000000001000000
1,800,0.000000041446597,0.000034332275391,0.000000001000000
2,800,0.000000041446599,0.000057935714722,0.000000001000000
4,800,0.000000041446599,0.023455619812012,0.000000001000000
6,800,0.000000041446599,0.004338979721069,0.000000001000000
8,800,0.000000041446599,0.098414182662964,0.000000001000000
10,800,0.000000041446599,0.071315288543701,0.000000001000000
12,800,0.000000041446599,0.085366964340210,0.000000001000000
1,1000,0.000000026525822,0.000023365020752,0.000000001000000
2,1000,0.000000026525823,0.000037670135498,0.000000001000000
4,1000,0.000000026525824,0.021376371383667,0.000000001000000
6,1000,0.000000026525824,0.020507574081421,0.000000001000000
8,1000,0.000000026525823,0.083684206008911,0.000000001000000
10,1000,0.000000026525823,0.067123651504517,0.000000001000000
12,1000,0.000000026525823,0.048315525054932,0.000000001000000
1,2000,0.000000006631454,0.000072717666626,0.000000001000000
2,2000,0.000000006631456,0.000035762786865,0.000000001000000
4,2000,0.000000006631456,0.000028133392334,0.000000001000000
6,2000,0.000000006631456,0.007785081863403,0.000000001000000
8,2000,0.000000006631456,0.047787189483643,0.000000001000000
10,2000,0.000000006631456,0.057589769363403,0.000000001000000
12,2000,0.000000006631456,0.081760644912720,0.000000001000000
1,4000,0.000000001657870,0.000066041946411,0.000000001000000
2,4000,0.000000001657865,0.003954172134399,0.000000001000000
4,4000,0.000000001657863,0.017044067382812,0.000000001000000
6,4000,0.000000001657864,0.016953468322754,0.000000001000000
8,4000,0.000000001657864,0.052295207977295,0.000000001000000
10,4000,0.000000001657864,0.028374910354614,0.000000001000000
12,4000,0.000000001657864,0.058261156082153,0.000000001000000
1,6000,0.000000000736828,0.000184297561646,0.000000001000000
2,6000,0.000000000736828,0.000130176544189,0.000000001000000
4,6000,0.000000000736828,0.000195741653442,0.000000001000000
6,6000,0.000000000736829,0.024633646011353,0.000000001000000
8,6000,0.000000000736829,0.086541414260864,0.000000001000000
10,6000,0.000000000736829,0.073122024536133,0.000000001000000
12,6000,0.000000000736829,0.038569927215576,0.000000001000000
1,8000,0.000000000414466,0.000277996063232,0.000000001000000
2,8000,0.000000000414466,0.000147819519043,0.000000001000000
4,8000,0.000000000414465,0.000046014785767,0.000000001000000
6,8000,0.000000000414466,0.023090124130249,0.000000001000000
8,8000,0.000000000414466,0.037768125534058,0.000000001000000
10,8000,0.000000000414466,0.057771921157837,0.000000001000000
12,8000,0.000000000414466,0.066382169723511,0.000000001000000
1,10000,0.000000000265261,0.000386238098145,0.000000001000000
2,10000,0.000000000265260,0.000174760818481,0.000000001000000
4,10000,0.000000000265257,0.007257461547852,0.000000001000000
6,10000,0.000000000265257,0.018914461135864,0.000000001000000
8,10000,0.000000000265258,0.074793815612793,0.000000001000000
10,10000,0.000000000265258,0.063771963119507,0.000000001000000
12,10000,0.000000000265258,0.070151090621948,0.000000001000000
1,20000,0.000000000066314,0.000578641891479,0.000000001000000
2,20000,0.000000000066316,0.000381946563721,0.000000001000000
4,20000,0.000000000066316,0.003387928009033,0.000000001000000
6,20000,0.000000000066314,0.017572402954102,0.000000001000000
8,20000,0.000000000066315,0.042773962020874,0.000000001000000
10,20000,0.000000000066315,0.073367357254028,0.000000001000000
12,20000,0.000000000066315,0.035304546356201,0.000000001000000
1,40000,0.000000000016589,0.001152515411377,0.000000001000000
2,40000,0.000000000016573,0.000692844390869,0.000000001000000
4,40000,0.000000000016579,0.000418901443481,0.000000001000000
6,40000,0.000000000016578,0.018602848052979,0.000000001000000
8,40000,0.000000000016578,0.054181575775146,0.000000001000000
10,40000,0.000000000016578,0.055807828903198,0.000000001000000
12,40000,0.000000000016578,0.052059173583984,0.000000001000000
1,60000,0.000000000007373,0.000873804092407,0.000000001000000
2,60000,0.000000000007366,0.000443696975708,0.000000001000000
4,60000,0.000000000007370,0.006647825241089,0.000000001000000
6,60000,0.000000000007369,0.011174440383911,0.000000001000000
8,60000,0.000000000007369,0.050080537796021,0.000000001000000
10,60000,0.000000000007369,0.023945808410645,0.000000001000000
12,60000,0.000000000007369,0.043736934661865,0.000000001000000
1,80000,0.000000000004148,0.001153469085693,0.000000001000000
2,80000,0.000000000004150,0.000585079193115,0.000000001000000
4,80000,0.000000000004145,0.023949146270752,0.000000001000000
6,80000,0.000000000004144,0.033117532730103,0.000000001000000
8,80000,0.000000000004145,0.051967620849609,0.000000001000000
10,80000,0.000000000004144,0.069259405136108,0.000000001000000
12,80000,0.000000000004144,0.072234392166138,0.000000001000000
1,100000,0.000000000002664,0.001423835754395,0.000000001000000
2,100000,0.000000000002645,0.000829935073853,0.000000001000000
4,100000,0.000000000002649,0.017358541488647,0.000000001000000
6,100000,0.000000000002655,0.009208917617798,0.000000001000000
8,100000,0.000000000002655,0.040450572967529,0.000000001000000
10,100000,0.000000000002653,0.044830083847046,0.000000001000000
12,100000,0.000000000002652,0.053681612014771,0.000000001000000
1,200000,0.000000000000667,0.005965471267700,0.000000001000000
2,200000,0.000000000000665,0.003123044967651,0.000000001000000
4,200000,0.000000000000666,0.002350330352783,0.000000001000000
6,200000,0.000000000000666,0.020508527755737,0.000000001000000
8,200000,0.000000000000666,0.083865165710449,0.000000001000000
10,200000,0.000000000000663,0.083945274353027,0.000000001000000
12,200000,0.000000000000663,0.114684104919434,0.000000001000000
1,400000,0.000000000000187,0.014330625534058,0.000000001000000
2,400000,0.000000000000151,0.003156661987305,0.000000001000000
4,400000,0.000000000000167,0.029103994369507,0.000000001000000
6,400000,0.000000000000169,0.025894165039062,0.000000001000000
8,400000,0.000000000000168,0.049376249313354,0.000000001000000
10,400000,0.000000000000164,0.090772390365601,0.000000001000000
12,400000,0.000000000000163,0.045321226119995,0.000000001000000
1,600000,0.000000000000068,0.018565177917480,0.000000001000000
2,600000,0.000000000000084,0.008978366851807,0.000000001000000
4,600000,0.000000000000080,0.030866384506226,0.000000001000000
6,600000,0.000000000000076,0.014906644821167,0.000000001000000
8,600000,0.000000000000073,0.051636219024658,0.000000001000000
10,600000,0.000000000000074,0.045497417449951,0.000000001000000
12,600000,0.000000000000072,0.061498880386353,0.000000001000000
1,800000,0.000000000000034,0.024311065673828,0.000000001000000
2,800000,0.000000000000050,0.012146711349487,0.000000001000000
4,800000,0.000000000000034,0.023963212966919,0.000000001000000
6,800000,0.000000000000040,0.029678821563721,0.000000001000000
8,800000,0.000000000000042,0.060901641845703,0.000000001000000
10,800000,0.000000000000042,0.079536914825439,0.000000001000000
12,800000,0.000000000000042,0.069687604904175,0.000000001000000
1,1000000,0.000000000000009,0.029265403747559,0.000000001000000
2,1000000,0.000000000000046,0.014589309692383,0.000000001000000
4,1000000,0.000000000000035,0.032013177871704,0.000000001000000
6,1000000,0.000000000000033,0.022655725479126,0.000000001000000
8,1000000,0.000000000000031,0.078327178955078,0.000000001000000
10,1000000,0.000000000000025,0.027415275573730,0.000000001000000
12,1000000,0.000000000000026,0.098536252975464,0.000000001000000
1,20,0.000066312351325,0.000020503997803,0.000000001000000
2,20,0.000066312351325,0.000042915344238,0.000000001000000
4,20,0.000066312351325,0.000400543212891,0.000000001000000
6,20,0.000066312351325,0.018302917480469,0.000000001000000
8,20,0.000066312351325,0.054063558578491,0.000000001000000
10,20,0.000066312351325,0.048068523406982,0.000000001000000
12,20,0.000066312351325,0.034241676330566,0.000000001000000
1,40,0.000016578502332,0.000017166137695,0.000000001000000
2,40,0.000016578502332,0.000041723251343,0.000000001000000
4,40,0.000016578502332,0.000073909759521,0.000000001000000
6,40,0.000016578502331,0.000347614288330,0.000000001000000
8,40,0.000016578502332,0.051195383071899,0.000000001000000
10,40,0.000016578502331,0.072433948516846,0.000000001000000
12,40,0.000016578502331,0.070370912551880,0.000000001000000
1,60,0.000007368257244,0.000017881393433,0.000000001000000
2,60,0.000007368257244,0.000042676925659,0.000000001000000
4,60,0.000007368257244,0.019927263259888,0.000000001000000
6,60,0.000007368257244,0.002293348312378,0.000000001000000
8,60,0.000007368257244,0.041507959365845,0.000000001000000
10,60,0.000007368257244,0.050486087799072,0.000000001000000
12,60,0.000007368257244,0.067974090576172,0.000000001000000
1,80,0.000004144651385,0.000011444091797,0.000000001000000
2,80,0.000004144651385,0.000024318695068,0.000000001000000
4,80,0.000004144651385,0.011922121047974,0.000000001000000
6,80,0.000004144651385,0.016534566879272,0.000000001000000
8,80,0.000004144651385,0.031971454620361,0.000000001000000
10,80,0.000004144651385,0.060734987258911,0.000000001000000
12,80,0.000004144651385,0.109709501266479,0.000000001000000
1,100,0.000002652578866,0.000013113021851,0.000000001000000
2,100,0.000002652578866,0.003215074539185,0.000000001000000
4,100,0.000002652578866,0.002049207687378,0.000000001000000
6,100,0.000002652578866,0.007870197296143,0.000000001000000
8,100,0.000002652578866,0.060807943344116,0.000000001000000
10,100,0.000002652578866,0.053276777267456,0.000000001000000
12,100,0.000002652578866,0.066519737243652,0.000000001000000
1,200,0.000000663145376,0.000013113021851,0.000000001000000
2,200,0.000000663145376,0.000024557113647,0.000000001000000
4,200,0.000000663145376,0.009498357772827,0.000000001000000
6,200,0.000000663145376,0.020703077316284,0.000000001000000
8,200,0.000000663145376,0.049117326736450,0.000000001000000
10,200,0.000000663145376,0.033162355422974,0.000000001000000
12,200,0.000000663145376,0.026112079620361,0.000000001000000
1,400,0.000000165786386,0.000027418136597,0.000000001000000
2,400,0.000000165786385,0.000049114227295,0.000000001000000
4,400,0.000000165786386,0.003938436508179,0.000000001000000
6,400,0.000000165786385,0.032744884490967,0.000000001000000
8,400,0.000000165786385,0.074063301086426,0.000000001000000
10,400,0.000000165786385,0.058032035827637,0.000000001000000
12,400,0.000000165786386,0.065704584121704,0.000000001000000
1,600,0.000000073682842,0.000033617019653,0.000000001000000
2,600,0.000000073682841,0.000041484832764,0.000000001000000
4,600,0.000000073682841,0.000304222106934,0.000000001000000
6,600,0.000000073682841,0.011951923370361,0.000000001000000
8,600,0.000000073682841,0.061852693557739,0.000000001000000
10,600,0.000000073682842,0.058689594268799,0.000000001000000
12,600,0.000000073682842,0.060704708099365,0.000000001000000
1,800,0.000000041446597,0.000038862228394,0.000000001000000
2,800,0.000000041446599,0.000047922134399,0.000000001000000
4,800,0.000000041446599,0.007878780364990,0.000000001000000
6,800,0.000000041446599,0.024766683578491,0.000000001000000
8,800,0.000000041446599,0.058160066604614,0.000000001000000
10,800,0.000000041446599,0.053876399993896,0.000000001000000
12,800,0.000000041446599,0.051158189773560,0.000000001000000
1,1000,0.000000026525822,0.000044107437134,0.000000001000000
2,1000,0.000000026525823,0.000064373016357,0.000000001000000
4,1000,0.000000026525824,0.000345945358276,0.000000001000000
6,1000,0.000000026525824,0.020257234573364,0.000000001000000
8,1000,0.000000026525823,0.054774761199951,0.000000001000000
10,1000,0.000000026525823,0.049933433532715,0.000000001000000
12,1000,0.000000026525823,0.047661066055298,0.000000001000000
1,2000,0.000000006631454,0.000073194503784,0.000000001000000
2,2000,0.000000006631456,0.000063419342041,0.000000001000000
4,2000,0.000000006631456,0.000263690948486,0.000000001000000
6,2000,0.000000006631456,0.006284952163696,0.000000001000000
8,2000,0.000000006631456,0.045000076293945,0.000000001000000
10,2000,0.000000006631456,0.048734664916992,0.000000001000000
12,2000,0.000000006631456,0.063100337982178,0.000000001000000
1,4000,0.000000001657870,0.000131607055664,0.000000001000000
2,4000,0.000000001657865,0.000093221664429,0.000000001000000
4,4000,0.000000001657863,0.000415325164795,0.000000001000000
6,4000,0.000000001657864,0.013738870620728,0.000000001000000
8,4000,0.000000001657864,0.045361518859863,0.000000001000000
10,4000,0.000000001657864,0.041901350021362,0.000000001000000
12,4000,0.000000001657864,0.042032718658447,0.000000001000000
1,6000,0.000000000736828,0.000185012817383,0.000000001000000
2,6000,0.000000000736828,0.000122547149658,0.000000001000000
4,6000,0.000000000736828,0.000043869018555,0.000000001000000
6,6000,0.000000000736829,0.007655382156372,0.000000001000000
8,6000,0.000000000736829,0.038780927658081,0.000000001000000
10,6000,0.000000000736829,0.057109832763672,0.000000001000000
