1,20,0.000000000197355,0.000021934509277,0.000000001000000
2,20,0.000000000197355,0.000058889389038,0.000000001000000
3,20,0.000000000197355,0.000048398971558,0.000000001000000
4,20,0.000000000197355,0.000102758407593,0.000000001000000
5,20,0.000000000197355,0.007348299026489,0.000000001000000
6,20,0.000000000197355,0.006618022918701,0.000000001000000
7,20,0.000000000197355,0.031470775604248,0.000000001000000
8,20,0.000000000197355,0.030648708343506,0.000000001000000
9,20,0.000000000197355,0.050292730331421,0.000000001000000
10,20,0.000000000197355,0.055369138717651,0.000000001000000
11,20,0.000000000197355,0.025186061859131,0.000000001000000
12,20,0.000000000197355,0.025852203369141,0.000000001000000
1,40,0.000000000003084,0.000016927719116,0.000000001000000
2,40,0.000000000003084,0.000039339065552,0.000000001000000
3,40,0.000000000003084,0.000045061111450,0.000000001000000
4,40,0.000000000003084,0.000030755996704,0.000000001000000
5,40,0.000000000003084,0.000325441360474,0.000000001000000
6,40,0.000000000003084,0.009521007537842,0.000000001000000
7,40,0.000000000003084,0.028830528259277,0.000000001000000
8,40,0.000000000003084,0.014391183853149,0.000000001000000
9,40,0.000000000003084,0.052692413330078,0.000000001000000
10,40,0.000000000003084,0.052864313125610,0.000000001000000
11,40,0.000000000003084,0.049478292465210,0.000000001000000
12,40,0.000000000003084,0.054204463958740,0.000000001000000
1,60,0.000000000000271,0.000024080276489,0.000000001000000
2,60,0.000000000000270,0.000051259994507,0.000000001000000
3,60,0.000000000000271,0.000050544738770,0.000000001000000
4,60,0.000000000000271,0.000021457672119,0.000000001000000
5,60,0.000000000000271,0.008212327957153,0.000000001000000
6,60,0.000000000000271,0.004822731018066,0.000000001000000
7,60,0.000000000000271,0.026941299438477,0.000000001000000
8,60,0.000000000000271,0.040766716003418,0.000000001000000
9,60,0.000000000000271,0.053279161453247,0.000000001000000
10,60,0.000000000000271,0.044731616973877,0.000000001000000
11,60,0.000000000000271,0.060888290405273,0.000000001000000
12,60,0.000000000000271,0.047513484954834,0.000000001000000
1,80,0.000000000000048,0.000021934509277,0.000000001000000
2,80,0.000000000000048,0.000040292739868,0.000000001000000
3,80,0.000000000000048,0.000046491622925,0.000000001000000
4,80,0.000000000000048,0.000065803527832,0.000000001000000
5,80,0.000000000000048,0.000381946563721,0.000000001000000
6,80,0.000000000000048,0.013053655624390,0.000000001000000
7,80,0.000000000000048,0.036154270172119,0.000000001000000
8,80,0.000000000000048,0.061501979827881,0.000000001000000
9,80,0.000000000000048,0.041189670562744,0.000000001000000
10,80,0.000000000000048,0.038934230804443,0.000000001000000
11,80,0.000000000000048,0.044730186462402,0.000000001000000
12,80,0.000000000000048,0.053508281707764,0.000000001000000
1,100,0.000000000000013,0.000021934509277,0.000000001000000
2,100,0.000000000000013,0.000044822692871,0.000000001000000
3,100,0.000000000000013,0.000222444534302,0.000000001000000
4,100,0.000000000000013,0.000826835632324,0.000000001000000
5,100,0.000000000000013,0.001553058624268,0.000000001000000
6,100,0.000000000000013,0.013304471969604,0.000000001000000
7,100,0.000000000000012,0.027898788452148,0.000000001000000
8,100,0.000000000000013,0.043246030807495,0.000000001000000
9,100,0.000000000000013,0.055242300033569,0.000000001000000
10,100,0.000000000000013,0.028159856796265,0.000000001000000
11,100,0.000000000000013,0.033178806304932,0.000000001000000
12,100,0.000000000000013,0.034967899322510,0.000000001000000
1,200,0.000000000000000,0.000021219253540,0.000000001000000
2,200,0.000000000000000,0.000047445297241,0.000000001000000
3,200,0.000000000000000,0.000042200088501,0.000000001000000
4,200,0.000000000000000,0.003081083297729,0.000000001000000
5,200,0.000000000000000,0.000839233398438,0.000000001000000
6,200,0.000000000000000,0.001063108444214,0.000000001000000
7,200,0.000000000000000,0.027588844299316,0.000000001000000
8,200,0.000000000000000,0.048514127731323,0.000000001000000
9,200,0.000000000000000,0.030145883560181,0.000000001000000
10,200,0.000000000000000,0.056424140930176,0.000000001000000
11,200,0.000000000000000,0.083182334899902,0.000000001000000
12,200,0.000000000000000,0.050438642501831,0.000000001000000
1,400,0.000000000000001,0.000026464462280,0.000000001000000
2,400,0.000000000000000,0.000039815902710,0.000000001000000
3,400,0.000000000000000,0.000034093856812,0.000000001000000
4,400,0.000000000000000,0.000037908554077,0.000000001000000
5,400,0.000000000000000,0.003280401229858,0.000000001000000
6,400,0.000000000000000,0.012041091918945,0.000000001000000
7,400,0.000000000000000,0.028578996658325,0.000000001000000
8,400,0.000000000000000,0.060843706130981,0.000000001000000
9,400,0.000000000000000,0.059817790985107,0.000000001000000
10,400,0.000000000000000,0.046925544738770,0.000000001000000
11,400,0.000000000000000,0.040713787078857,0.000000001000000
12,400,0.000000000000000,0.040997743606567,0.000000001000000
1,600,0.000000000000000,0.000021934509277,0.000000001000000
2,600,0.000000000000000,0.000033378601074,0.000000001000000
3,600,0.000000000000000,0.000037193298340,0.000000001000000
4,600,0.000000000000000,0.011843204498291,0.000000001000000
5,600,0.000000000000000,0.000580072402954,0.000000001000000
6,600,0.000000000000000,0.008934020996094,0.000000001000000
7,600,0.000000000000000,0.020357131958008,0.000000001000000
8,600,0.000000000000000,0.059623003005981,0.000000001000000
9,600,0.000000000000000,0.027949571609497,0.000000001000000
10,600,0.000000000000000,0.041050195693970,0.000000001000000
11,600,0.000000000000000,0.029963970184326,0.000000001000000
12,600,0.000000000000000,0.026000261306763,0.000000001000000
1,800,0.000000000000000,0.000024080276489,0.000000001000000
2,800,0.000000000000000,0.000031471252441,0.000000001000000
3,800,0.000000000000000,0.000028610229492,0.000000001000000
4,800,0.000000000000000,0.000055074691772,0.000000001000000
5,800,0.000000000000000,0.000301599502563,0.000000001000000
6,800,0.000000000000000,0.008427143096924,0.000000001000000
7,800,0.000000000000000,0.017030000686646,0.000000001000000
8,800,0.000000000000000,0.029336452484131,0.000000001000000
9,800,0.000000000000000,0.015687465667725,0.000000001000000
10,800,0.000000000000000,0.038176298141479,0.000000001000000
11,800,0.000000000000000,0.051524639129639,0.000000001000000
12,800,0.000000000000000,0.033979892730713,0.000000001000000
1,1000,0.000000000000001,0.000043630599976,0.000000001000000
2,1000,0.000000000000000,0.000060319900513,0.000000001000000
3,1000,0.000000000000000,0.000054359436035,0.000000001000000
4,1000,0.000000000000001,0.000380277633667,0.000000001000000
5,1000,0.000000000000000,0.015907287597656,0.000000001000000
6,1000,0.000000000000000,0.013106822967529,0.000000001000000
7,1000,0.000000000000000,0.012112140655518,0.000000001000000
8,1000,0.000000000000000,0.037176847457886,0.000000001000000
9,1000,0.000000000000000,0.012341260910034,0.000000001000000
10,1000,0.000000000000000,0.021968603134155,0.000000001000000
11,1000,0.000000000000000,0.020084619522095,0.000000001000000
12,1000,0.000000000000000,0.079463005065918,0.000000001000000
1,2000,0.000000000000000,0.000062227249146,0.000000001000000
2,2000,0.000000000000001,0.000062704086304,0.000000001000000
3,2000,0.000000000000000,0.000063896179199,0.000000001000000
4,2000,0.000000000000001,0.004064798355103,0.000000001000000
5,2000,0.000000000000000,0.017966270446777,0.000000001000000
6,2000,0.000000000000000,0.039921045303345,0.000000001000000
7,2000,0.000000000000000,0.012852907180786,0.000000001000000
8,2000,0.000000000000001,0.033510923385620,0.000000001000000
9,2000,0.000000000000000,0.047919511795044,0.000000001000000
10,2000,0.000000000000000,0.027510404586792,0.000000001000000
11,2000,0.000000000000000,0.064657688140869,0.000000001000000
12,2000,0.000000000000000,0.055987834930420,0.000000001000000
1,4000,0.000000000000002,0.000127077102661,0.000000001000000
2,4000,0.000000000000000,0.000105619430542,0.000000001000000
3,4000,0.000000000000000,0.000077962875366,0.000000001000000
4,4000,0.000000000000000,0.007863283157349,0.000000001000000
5,4000,0.000000000000000,0.000520944595337,0.000000001000000
6,4000,0.000000000000000,0.017765998840332,0.000000001000000
7,4000,0.000000000000000,0.031885862350464,0.000000001000000
8,4000,0.000000000000001,0.018071651458740,0.000000001000000
9,4000,0.000000000000000,0.040823936462402,0.000000001000000
10,4000,0.000000000000000,0.037262439727783,0.000000001000000
11,4000,0.000000000000000,0.029824256896973,0.000000001000000
12,4000,0.000000000000000,0.026368379592896,0.000000001000000
1,6000,0.000000000000006,0.000270128250122,0.000000001000000
2,6000,0.000000000000002,0.003179073333740,0.000000001000000
3,6000,0.000000000000000,0.000186920166016,0.000000001000000
4,6000,0.000000000000001,0.008220911026001,0.000000001000000
5,6000,0.000000000000001,0.000760316848755,0.000000001000000
6,6000,0.000000000000000,0.018941879272461,0.000000001000000
7,6000,0.000000000000000,0.022873640060425,0.000000001000000
8,6000,0.000000000000000,0.033385038375854,0.000000001000000
9,6000,0.000000000000000,0.038073062896729,0.000000001000000
10,6000,0.000000000000000,0.071939945220947,0.000000001000000
11,6000,0.000000000000000,0.048429727554321,0.000000001000000
12,6000,0.000000000000000,0.031793117523193,0.000000001000000
1,8000,0.000000000000004,0.000418424606323,0.000000001000000
2,8000,0.000000000000002,0.000152349472046,0.000000001000000
3,8000,0.000000000000001,0.000204324722290,0.000000001000000
4,8000,0.000000000000001,0.000162601470947,0.000000001000000
5,8000,0.000000000000001,0.000338554382324,0.000000001000000
6,8000,0.000000000000001,0.013599395751953,0.000000001000000
7,8000,0.000000000000000,0.023525714874268,0.000000001000000
8,8000,0.000000000000000,0.039806365966797,0.000000001000000
9,8000,0.000000000000001,0.054224252700806,0.000000001000000
10,8000,0.000000000000001,0.037331342697144,0.000000001000000
11,8000,0.000000000000001,0.055340051651001,0.000000001000000
12,8000,0.000000000000001,0.056445360183716,0.000000001000000
1,10000,0.000000000000004,0.000149011611938,0.000000001000000
2,10000,0.000000000000001,0.000103712081909,0.000000001000000
3,10000,0.000000000000002,0.000077486038208,0.000000001000000
4,10000,0.000000000000001,0.000244140625000,0.000000001000000
5,10000,0.000000000000001,0.000350236892700,0.000000001000000
6,10000,0.000000000000000,0.012055397033691,0.000000001000000
7,10000,0.000000000000000,0.025381565093994,0.000000001000000
8,10000,0.000000000000000,0.034522533416748,0.000000001000000
9,10000,0.000000000000000,0.055878400802612,0.000000001000000
10,10000,0.000000000000000,0.050154924392700,0.000000001000000
11,10000,0.000000000000000,0.067752361297607,0.000000001000000
12,10000,0.000000000000000,0.046607017517090,0.000000001000000
1,20000,0.000000000000006,0.000595331192017,0.000000001000000
2,20000,0.000000000000002,0.000313043594360,0.000000001000000
3,20000,0.000000000000003,0.000256776809692,0.000000001000000
4,20000,0.000000000000003,0.000570058822632,0.000000001000000
5,20000,0.000000000000001,0.001726865768433,0.000000001000000
6,20000,0.000000000000001,0.020938158035278,0.000000001000000
7,20000,0.000000000000001,0.021446704864502,0.000000001000000
8,20000,0.000000000000001,0.047015666961670,0.000000001000000
9,20000,0.000000000000001,0.033347845077515,0.000000001000000
10,20000,0.000000000000001,0.042764425277710,0.000000001000000
11,20000,0.000000000000000,0.029500246047974,0.000000001000000
12,20000,0.000000000000001,0.033636569976807,0.000000001000000
1,40000,0.000000000000005,0.001217365264893,0.000000001000000
2,40000,0.000000000000001,0.000599861145020,0.000000001000000
3,40000,0.000000000000001,0.000438213348389,0.000000001000000
4,40000,0.000000000000002,0.000674724578857,0.000000001000000
5,40000,0.000000000000002,0.003579139709473,0.000000001000000
6,40000,0.000000000000002,0.001858234405518,0.000000001000000
7,40000,0.000000000000001,0.029414415359497,0.000000001000000
8,40000,0.000000000000001,0.053057909011841,0.000000001000000
9,40000,0.000000000000000,0.067726850509644,0.000000001000000
10,40000,0.000000000000000,0.025727748870850,0.000000001000000
11,40000,0.000000000000000,0.029791355133057,0.000000001000000
12,40000,0.000000000000000,0.062644720077515,0.000000001000000
1,60000,0.000000000000002,0.001732826232910,0.000000001000000
2,60000,0.000000000000004,0.000928640365601,0.000000001000000
3,60000,0.000000000000003,0.000605106353760,0.000000001000000
4,60000,0.000000000000000,0.011848211288452,0.000000001000000
5,60000,0.000000000000001,0.000753164291382,0.000000001000000
6,60000,0.000000000000001,0.007471799850464,0.000000001000000
7,60000,0.000000000000001,0.017889976501465,0.000000001000000
8,60000,0.000000000000001,0.040372133255005,0.000000001000000
9,60000,0.000000000000000,0.021661758422852,0.000000001000000
10,60000,0.000000000000000,0.051220893859863,0.000000001000000
11,60000,0.000000000000000,0.038325548171997,0.000000001000000
12,60000,0.000000000000001,0.070747137069702,0.000000001000000
1,80000,0.000000000000011,0.002415657043457,0.000000001000000
2,80000,0.000000000000008,0.001384258270264,0.000000001000000
3,80000,0.000000000000007,0.000814437866211,0.000000001000000
4,80000,0.000000000000005,0.004264116287231,0.000000001000000
5,80000,0.000000000000003,0.000617980957031,0.000000001000000
6,80000,0.000000000000001,0.013823032379150,0.000000001000000
7,80000,0.000000000000000,0.027864217758179,0.000000001000000
8,80000,0.000000000000000,0.041625738143921,0.000000001000000
9,80000,0.000000000000001,0.040217876434326,0.000000001000000
10,80000,0.000000000000001,0.062447309494019,0.000000001000000
11,80000,0.000000000000001,0.037761449813843,0.000000001000000
12,80000,0.000000000000000,0.044409275054932,0.000000001000000
1,100000,0.000000000000004,0.002820014953613,0.000000001000000
2,100000,0.000000000000000,0.001571416854858,0.000000001000000
3,100000,0.000000000000003,0.001157283782959,0.000000001000000
4,100000,0.000000000000002,0.000755786895752,0.000000001000000
5,100000,0.000000000000002,0.000860452651978,0.000000001000000
6,100000,0.000000000000000,0.019696235656738,0.000000001000000
7,100000,0.000000000000000,0.011069536209106,0.000000001000000
8,100000,0.000000000000001,0.051741838455200,0.000000001000000
9,100000,0.000000000000001,0.052569627761841,0.000000001000000
10,100000,0.000000000000001,0.038457632064819,0.000000001000000
11,100000,0.000000000000000,0.039774179458618,0.000000001000000
12,100000,0.000000000000000,0.046591997146606,0.000000001000000
1,200000,0.000000000000004,0.005881786346436,0.000000001000000
2,200000,0.000000000000005,0.002894163131714,0.000000001000000
3,200000,0.000000000000002,0.002101421356201,0.000000001000000
4,200000,0.000000000000003,0.001700401306152,0.000000001000000
5,200000,0.000000000000004,0.004556179046631,0.000000001000000
6,200000,0.000000000000003,0.009875297546387,0.000000001000000
7,200000,0.000000000000001,0.019359827041626,0.000000001000000
8,200000,0.000000000000001,0.067113876342773,0.000000001000000
9,200000,0.000000000000001,0.065450191497803,0.000000001000000
10,200000,0.000000000000000,0.029106616973877,0.000000001000000
11,200000,0.000000000000000,0.035825490951538,0.000000001000000
12,200000,0.000000000000001,0.040004014968872,0.000000001000000
1,400000,0.000000000000016,0.012258529663086,0.000000001000000
2,400000,0.000000000000002,0.006118059158325,0.000000001000000
3,400000,0.000000000000003,0.003810882568359,0.000000001000000
4,400000,0.000000000000003,0.007379055023193,0.000000001000000
5,400000,0.000000000000006,0.003106117248535,0.000000001000000
6,400000,0.000000000000005,0.015979528427124,0.000000001000000
7,400000,0.000000000000004,0.029018402099609,0.000000001000000
8,400000,0.000000000000003,0.048873662948608,0.000000001000000
9,400000,0.000000000000003,0.046793460845947,0.000000001000000
10,400000,0.000000000000002,0.053088188171387,0.000000001000000
11,400000,0.000000000000001,0.037731885910034,0.000000001000000
12,400000,0.000000000000000,0.039300918579102,0.000000001000000
1,600000,0.000000000000043,0.008944988250732,0.000000001000000
2,600000,0.000000000000011,0.004676342010498,0.000000001000000
3,600000,0.000000000000006,0.003509044647217,0.000000001000000
4,600000,0.000000000000004,0.010124921798706,0.000000001000000
5,600000,0.000000000000004,0.010963678359985,0.000000001000000
6,600000,0.000000000000005,0.013889074325562,0.000000001000000
7,600000,0.000000000000004,0.011204481124878,0.000000001000000
8,600000,0.000000000000002,0.060084819793701,0.000000001000000
9,600000,0.000000000000001,0.045638322830200,0.000000001000000
10,600000,0.000000000000001,0.056980848312378,0.000000001000000
11,600000,0.000000000000001,0.050211906433105,0.000000001000000
12,600000,0.000000000000001,0.037857770919800,0.000000001000000
1,800000,0.000000000000003,0.011995792388916,0.000000001000000
2,800000,0.000000000000017,0.006008386611938,0.000000001000000
3,800000,0.000000000000015,0.004265069961548,0.000000001000000
4,800000,0.000000000000004,0.012549400329590,0.000000001000000
5,800000,0.000000000000004,0.004956245422363,0.000000001000000
6,800000,0.000000000000001,0.010118007659912,0.000000001000000
7,800000,0.000000000000005,0.029753923416138,0.000000001000000
8,800000,0.000000000000006,0.059443473815918,0.000000001000000
9,800000,0.000000000000003,0.060648202896118,0.000000001000000
10,800000,0.000000000000003,0.009663343429565,0.000000001000000
11,800000,0.000000000000003,0.041354179382324,0.000000001000000
12,800000,0.000000000000003,0.042118310928345,0.000000001000000
1,1000000,0.000000000000047,0.014450311660767,0.000000001000000
2,1000000,0.000000000000012,0.007637023925781,0.000000001000000
3,1000000,0.000000000000002,0.009479045867920,0.000000001000000
4,1000000,0.000000000000006,0.007900953292847,0.000000001000000
5,1000000,0.000000000000009,0.005458593368530,0.000000001000000
6,1000000,0.000000000000011,0.016495466232300,0.000000001000000
7,1000000,0.000000000000007,0.011759281158447,0.000000001000000
8,1000000,0.000000000000006,0.079527378082275,0.000000001000000
9,1000000,0.000000000000001,0.049484252929688,0.000000001000000
10,1000000,0.000000000000002,0.047815322875977,0.000000001000000
11,1000000,0.000000000000000,0.042508602142334,0.000000001000000
12,1000000,0.000000000000001,0.058000087738037,0.000000001000000
1,2000000,0.000000000000044,0.028920650482178,0.000000001000000
2,2000000,0.000000000000000,0.014921665191650,0.000000001000000
3,2000000,0.000000000000031,0.013228893280029,0.000000001000000
4,2000000,0.000000000000019,0.023931503295898,0.000000001000000
5,2000000,0.000000000000002,0.007484436035156,0.000000001000000
6,2000000,0.000000000000006,0.035067319869995,0.000000001000000
7,2000000,0.000000000000007,0.067532062530518,0.000000001000000
8,2000000,0.000000000000006,0.050511121749878,0.000000001000000
9,2000000,0.000000000000000,0.054559707641602,0.000000001000000
10,2000000,0.000000000000001,0.058472871780396,0.000000001000000
11,2000000,0.000000000000001,0.042552471160889,0.000000001000000
12,2000000,0.000000000000002,0.053943157196045,0.000000001000000
1,4000000,0.000000000000013,0.060311794281006,0.000000001000000
2,4000000,0.000000000000004,0.029989242553711,0.000000001000000
3,4000000,0.000000000000011,0.019601821899414,0.000000001000000
4,4000000,0.000000000000014,0.033974409103394,0.000000001000000
5,4000000,0.000000000000007,0.035930395126343,0.000000001000000
6,4000000,0.000000000000009,0.025485277175903,0.000000001000000
7,4000000,0.000000000000005,0.040556192398071,0.000000001000000
8,4000000,0.000000000000006,0.074869394302368,0.000000001000000
9,4000000,0.000000000000000,0.083148241043091,0.000000001000000
10,4000000,0.000000000000007,0.080301761627197,0.000000001000000
11,4000000,0.000000000000004,0.077769279479980,0.000000001000000
12,4000000,0.000000000000003,0.063432455062866,0.000000001000000
1,6000000,0.000000000000114,0.087004184722900,0.000000001000000
2,6000000,0.000000000000012,0.082417249679565,0.000000001000000
3,6000000,0.000000000000047,0.032085895538330,0.000000001000000
4,6000000,0.000000000000019,0.065631151199341,0.000000001000000
5,6000000,0.000000000000020,0.042167425155640,0.000000001000000
6,6000000,0.000000000000008,0.035310983657837,0.000000001000000
7,6000000,0.000000000000014,0.059572458267212,0.000000001000000
8,6000000,0.000000000000015,0.122081995010376,0.000000001000000
9,6000000,0.000000000000015,0.084508895874023,0.000000001000000
10,6000000,0.000000000000015,0.093219041824341,0.000000001000000
11,6000000,0.000000000000015,0.083964109420776,0.000000001000000
12,6000000,0.000000000000007,0.036262512207031,0.000000001000000
1,8000000,0.000000000000011,0.118784666061401,0.000000001000000
2,8000000,0.000000000000071,0.062415599822998,0.000000001000000
3,8000000,0.000000000000006,0.068212509155273,0.000000001000000
4,8000000,0.000000000000015,0.091329813003540,0.000000001000000
5,8000000,0.000000000000006,0.073152065277100,0.000000001000000
6,8000000,0.000000000000005,0.087631702423096,0.000000001000000
7,8000000,0.000000000000003,0.087637424468994,0.000000001000000
8,8000000,0.000000000000001,0.131205797195435,0.000000001000000
9,8000000,0.000000000000011,0.095676660537720,0.000000001000000
10,8000000,0.000000000000011,0.095104932785034,0.000000001000000
11,8000000,0.000000000000012,0.078779220581055,0.000000001000000
12,8000000,0.000000000000010,0.126473903656006,0.000000001000000
1,10000000,0.000000000000190,0.207575321197510,0.000000001000000
2,10000000,0.000000000000096,0.073193788528442,0.000000001000000
3,10000000,0.000000000000055,0.058395862579346,0.000000001000000
4,10000000,0.000000000000060,0.047536134719849,0.000000001000000
5,10000000,0.000000000000016,0.096845626831055,0.000000001000000
6,10000000,0.000000000000005,0.074909687042236,0.000000001000000
7,10000000,0.000000000000000,0.118030786514282,0.000000001000000
8,10000000,0.000000000000004,0.141190528869629,0.000000001000000
9,10000000,0.000000000000009,0.108433961868286,0.000000001000000
10,10000000,0.000000000000002,0.099578142166138,0.000000001000000
11,10000000,0.000000000000003,0.115251064300537,0.000000001000000
12,10000000,0.000000000000006,0.114550352096558,0.000000001000000
1,20000000,0.000000000000128,0.295740842819214,0.000000001000000
2,20000000,0.000000000000044,0.211863517761230,0.000000001000000
3,20000000,0.000000000000061,0.103560686111450,0.000000001000000
4,20000000,0.000000000000055,0.070624351501465,0.000000001000000
5,20000000,0.000000000000010,0.115797996520996,0.000000001000000
6,20000000,0.000000000000045,0.140357971191406,0.000000001000000
7,20000000,0.000000000000046,0.148973703384399,0.000000001000000
8,20000000,0.000000000000051,0.198610782623291,0.000000001000000
9,20000000,0.000000000000036,0.230553627014160,0.000000001000000
10,20000000,0.000000000000023,0.175121068954468,0.000000001000000
11,20000000,0.000000000000017,0.135287046432495,0.000000001000000
12,20000000,0.000000000000005,0.134492397308350,0.000000001000000
1,40000000,0.000000000000091,0.571099996566772,0.000000001000000
2,40000000,0.000000000000036,0.281879663467407,0.000000001000000
3,40000000,0.000000000000020,0.201245069503784,0.000000001000000
4,40000000,0.000000000000031,0.169661283493042,0.000000001000000
5,40000000,0.000000000000018,0.282671213150024,0.000000001000000
6,40000000,0.000000000000038,0.232238054275513,0.000000001000000
7,40000000,0.000000000000039,0.262641429901123,0.000000001000000
8,40000000,0.000000000000016,0.374766588211060,0.000000001000000
9,40000000,0.000000000000003,0.328508377075195,0.000000001000000
10,40000000,0.000000000000012,0.294690608978271,0.000000001000000
11,40000000,0.000000000000001,0.254536151885986,0.000000001000000
12,40000000,0.000000000000007,0.274949312210083,0.000000001000000
1,60000000,0.000000000000143,0.848967313766479,0.000000001000000
2,60000000,0.000000000000170,0.420606374740601,0.000000001000000
3,60000000,0.000000000000094,0.317359209060669,0.000000001000000
4,60000000,0.000000000000059,0.252781867980957,0.000000001000000
5,60000000,0.000000000000002,0.289766073226929,0.000000001000000
6,60000000,0.000000000000003,0.364233732223511,0.000000001000000
7,60000000,0.000000000000037,0.482763051986694,0.000000001000000
8,60000000,0.000000000000075,0.531241655349731,0.000000001000000
9,60000000,0.000000000000029,0.529490470886230,0.000000001000000
10,60000000,0.000000000000033,0.396668434143066,0.000000001000000
11,60000000,0.000000000000033,0.485417127609253,0.000000001000000
12,60000000,0.000000000000034,0.414940834045410,0.000000001000000
1,80000000,0.000000000000525,1.178735017776489,0.000000001000000
2,80000000,0.000000000000249,0.559251785278320,0.000000001000000
3,80000000,0.000000000000143,0.382793188095093,0.000000001000000
4,80000000,0.000000000000095,0.321328163146973,0.000000001000000
5,80000000,0.000000000000140,0.323416471481323,0.000000001000000
6,80000000,0.000000000000049,0.417632102966309,0.000000001000000
7,80000000,0.000000000000051,0.766409635543823,0.000000001000000
8,80000000,0.000000000000049,0.655190229415894,0.000000001000000
9,80000000,0.000000000000002,0.544039726257324,0.000000001000000
10,80000000,0.000000000000012,0.615235805511475,0.000000001000000
11,80000000,0.000000000000017,0.546439409255981,0.000000001000000
12,80000000,0.000000000000018,0.485317945480347,0.000000001000000
1,100000000,0.000000000000107,1.388652563095093,0.000000001000000
2,100000000,0.000000000000110,0.697613716125488,0.000000001000000
3,100000000,0.000000000000098,0.470890998840332,0.000000001000000
4,100000000,0.000000000000041,0.400787830352783,0.000000001000000
5,100000000,0.000000000000058,0.514353990554810,0.000000001000000
6,100000000,0.000000000000059,0.567907094955444,0.000000001000000
7,100000000,0.000000000000008,0.772686004638672,0.000000001000000
8,100000000,0.000000000000012,0.832182168960571,0.000000001000000
9,100000000,0.000000000000007,0.763451814651489,0.000000001000000
10,100000000,0.000000000000006,0.687204360961914,0.000000001000000
11,100000000,0.000000000000005,0.658956289291382,0.000000001000000
12,100000000,0.000000000000006,0.567492723464966,0.000000001000000
1,200000000,0.000000000000141,2.794409990310669,0.000000001000000
2,200000000,0.000000000000208,1.478863239288330,0.000000001000000
3,200000000,0.000000000000094,0.969875335693359,0.000000001000000
4,200000000,0.000000000000047,0.842227935791016,0.000000001000000
5,200000000,0.000000000000033,0.867930412292480,0.000000001000000
6,200000000,0.000000000000047,1.265079498291016,0.000000001000000
7,200000000,0.000000000000051,1.561374902725220,0.000000001000000
8,200000000,0.000000000000038,1.915827512741089,0.000000001000000
9,200000000,0.000000000000026,1.695937156677246,0.000000001000000
10,200000000,0.000000000000031,1.554806470870972,0.000000001000000
11,200000000,0.000000000000022,1.383566379547119,0.000000001000000
12,200000000,0.000000000000030,1.204885005950928,0.000000001000000
1,400000000,0.000000000000052,5.561491727828979,0.000000001000000
2,400000000,0.000000000000096,2.779492855072021,0.000000001000000
3,400000000,0.000000000000125,1.873232364654541,0.000000001000000
4,400000000,0.000000000000019,1.529332637786865,0.000000001000000
5,400000000,0.000000000000002,1.404114723205566,0.000000001000000
6,400000000,0.000000000000044,2.320572376251221,0.000000001000000
7,400000000,0.000000000000055,2.930548191070557,0.000000001000000
8,400000000,0.000000000000026,3.399467706680298,0.000000001000000
9,400000000,0.000000000000003,3.142350435256958,0.000000001000000
10,400000000,0.000000000000004,2.620788097381592,0.000000001000000
11,400000000,0.000000000000014,2.524490118026733,0.000000001000000
12,400000000,0.000000000000037,2.164478063583374,0.000000001000000
1,600000000,0.000000000000060,8.306025981903076,0.000000001000000
2,600000000,0.000000000000148,4.162258625030518,0.000000001000000
3,600000000,0.000000000000063,2.841996669769287,0.000000001000000
4,600000000,0.000000000000061,2.257325172424316,0.000000001000000
5,600000000,0.000000000000144,2.165202856063843,0.000000001000000
6,600000000,0.000000000000119,3.399452924728394,0.000000001000000
7,600000000,0.000000000000090,4.320966958999634,0.000000001000000
8,600000000,0.000000000000087,5.076783895492554,0.000000001000000
9,600000000,0.000000000000056,4.573340654373169,0.000000001000000
10,600000000,0.000000000000063,4.001394748687744,0.000000001000000
11,600000000,0.000000000000076,3.640265941619873,0.000000001000000
12,600000000,0.000000000000080,3.399928569793701,0.000000001000000
1,800000000,0.000000000000029,11.481207847595215,0.000000001000000
2,800000000,0.000000000000097,5.555001735687256,0.000000001000000
3,800000000,0.000000000000101,3.841591358184814,0.000000001000000
4,800000000,0.000000000000010,3.051664829254150,0.000000001000000
5,800000000,0.000000000000015,2.709533214569092,0.000000001000000
6,800000000,0.000000000000048,4.610437870025635,0.000000001000000
7,800000000,0.000000000000058,5.851498126983643,0.000000001000000
8,800000000,0.000000000000048,6.782117128372192,0.000000001000000
9,800000000,0.000000000000062,6.061102628707886,0.000000001000000
10,800000000,0.000000000000046,5.466648340225220,0.000000001000000
11,800000000,0.000000000000039,4.945801019668579,0.000000001000000
12,800000000,0.000000000000028,4.401131868362427,0.000000001000000
1,1000000000,0.000000000000085,13.851548671722412,0.000000001000000
2,1000000000,0.000000000000133,6.936155319213867,0.000000001000000
3,1000000000,0.000000000000063,4.684312820434570,0.000000001000000
4,1000000000,0.000000000000020,3.760793209075928,0.000000001000000
5,1000000000,0.000000000000059,3.286699056625366,0.000000001000000
6,1000000000,0.000000000000048,5.507806062698364,0.000000001000000
7,1000000000,0.000000000000039,7.035458564758301,0.000000001000000
8,1000000000,0.000000000000023,8.281881332397461,0.000000001000000
9,1000000000,0.000000000000007,7.408984422683716,0.000000001000000
10,1000000000,0.000000000000032,6.692294359207153,0.000000001000000
11,1000000000,0.000000000000034,5.971777200698853,0.000000001000000
12,1000000000,0.000000000000027,5.588678836822510,0.000000001000000
