1,20,0.000000000197355,0.000015258789062,0.000000001000000
2,20,0.000000000197355,0.000036478042603,0.000000001000000
4,20,0.000000000197355,0.000030517578125,0.000000001000000
6,20,0.000000000197355,0.010760784149170,0.000000001000000
8,20,0.000000000197355,0.074494600296021,0.000000001000000
10,20,0.000000000197355,0.032615661621094,0.000000001000000
12,20,0.000000000197355,0.030690193176270,0.000000001000000
1,40,0.000000000003084,0.000017166137695,0.000000001000000
2,40,0.000000000003084,0.000046014785767,0.000000001000000
4,40,0.000000000003084,0.000318050384521,0.000000001000000
6,40,0.000000000003084,0.003153085708618,0.000000001000000
8,40,0.000000000003084,0.035396099090576,0.000000001000000
10,40,0.000000000003084,0.045366287231445,0.000000001000000
12,40,0.000000000003084,0.035507678985596,0.000000001000000
1,60,0.000000000000271,0.000022649765015,0.000000001000000
2,60,0.000000000000270,0.000040054321289,0.000000001000000
4,60,0.000000000000271,0.000062942504883,0.000000001000000
6,60,0.000000000000271,0.013207435607910,0.000000001000000
8,60,0.000000000000271,0.041991949081421,0.000000001000000
10,60,0.000000000000271,0.026702880859375,0.000000001000000
12,60,0.000000000000271,0.055040597915649,0.000000001000000
1,80,0.000000000000048,0.000018835067749,0.000000001000000
2,80,0.000000000000048,0.000049114227295,0.000000001000000
4,80,0.000000000000048,0.000084400177002,0.000000001000000
6,80,0.000000000000048,0.013245820999146,0.000000001000000
8,80,0.000000000000048,0.040199995040894,0.000000001000000
10,80,0.000000000000048,0.034597158432007,0.000000001000000
12,80,0.000000000000048,0.055521965026855,0.000000001000000
1,100,0.000000000000013,0.000020265579224,0.000000001000000
2,100,0.000000000000013,0.000037908554077,0.000000001000000
4,100,0.000000000000013,0.000064849853516,0.000000001000000
6,100,0.000000000000013,0.015172243118286,0.000000001000000
8,100,0.000000000000013,0.038697957992554,0.000000001000000
10,100,0.000000000000013,0.040823936462402,0.000000001000000
12,100,0.000000000000013,0.055824279785156,0.000000001000000
1,200,0.000000000000000,0.000022649765015,0.000000001000000
2,200,0.000000000000000,0.000043392181396,0.000000001000000
4,200,0.000000000000000,0.006876468658447,0.000000001000000
6,200,0.000000000000000,0.013304471969604,0.000000001000000
8,200,0.000000000000000,0.047582387924194,0.000000001000000
10,200,0.000000000000000,0.038296222686768,0.000000001000000
12,200,0.000000000000000,0.055839061737061,0.000000001000000
1,400,0.000000000000001,0.000026941299438,0.000000001000000
2,400,0.000000000000000,0.000077486038208,0.000000001000000
4,400,0.000000000000000,0.000033617019653,0.000000001000000
6,400,0.000000000000000,0.014171361923218,0.000000001000000
8,400,0.000000000000000,0.046608686447144,0.000000001000000
10,400,0.000000000000000,0.022433519363403,0.000000001000000
12,400,0.000000000000000,0.052844047546387,0.000000001000000
1,600,0.000000000000000,0.000034093856812,0.000000001000000
2,600,0.000000000000000,0.000047922134399,0.000000001000000
4,600,0.000000000000000,0.007912874221802,0.000000001000000
6,600,0.000000000000000,0.011435270309448,0.000000001000000
8,600,0.000000000000000,0.073595285415649,0.000000001000000
